20000
3179
871
1123
9713
3889
9492
1005
8142
9020
7931
7699
1510
2032
3199
9925
577
4426
2395
9391
3893
7125
1599
2979
8293
2666
9234
512
3968
1658
9874
4496
7210
6591
2294
1426
544
2819
7850
1971
3077
3416
404
8433
5981
2609
5546
5136
3283
2635
5521
5542
8853
4695
7271
4361
4744
5484
5290
1186
3051
7108
6393
4591
6963
536
1493
6124
3617
7276
9369
4955
9435
5215
9987
3636
284
5161
1363
7736
9374
373
4578
4845
6931
4671
2387
7742
6930
7913
4129
6513
3516
3918
6372
659
8710
5504
1903
5722
875
8736
9571
2708
8078
1877
6646
3683
4355
52
9538
1973
5016
9023
797
8488
8690
2778
1257
8124
6189
4428
6704
2795
2964
3494
671
597
289
117
1022
4487
6382
406
6631
2594
6559
6168
5419
9685
6439
8012
1785
5963
6145
8991
193
9004
6210
2516
5990
2981
1439
2933
1114
5534
4452
2497
8626
2260
2243
1810
8196
4978
8402
9354
7561
2910
7606
8272
2616
2196
3452
1713
4973
1068
1503
3592
856
3477
7374
1449
4174
345
707
3017
5454
3708
7164
7120
4645
7074
1757
748
2769
6986
3813
1224
8163
3305
214
5998
4866
1254
5349
3694
3895
3626
7540
2546
2504
6147
198
8377
272
5999
6514
6447
6243
5975
8832
3549
3999
1280
4641
1346
8018
1858
328
4345
5400
8883
9274
6508
8540
693
7138
6901
3332
2887
7166
872
5279
1340
4155
4764
1908
157
2983
2701
8971
4868
4433
7119
2434
7483
924
1624
7123
6670
1422
4565
6232
3369
8715
4525
7644
3533
1598
2825
3580
6992
9542
1801
7004
1818
6453
184
3525
2570
4232
2005
5332
9603
4566
9695
5302
5041
993
141
3552
5273
4088
1754
9045
6021
8056
1272
2411
1578
9814
5597
6242
4423
1912
9382
5175
172
4696
1210
4212
9131
9893
6081
9415
8539
8431
6424
2464
5803
9918
957
3250
912
1390
9625
1756
487
5530
9775
1673
7086
6192
1204
1130
1893
8495
7615
4244
7382
6873
8792
979
5216
7796
3279
5473
3253
915
9705
4680
1045
9217
362
3668
725
8613
5189
7817
1135
6446
9440
3258
5255
7493
4273
5493
6028
8186
9239
3380
2855
7242
3125
6578
8178
1029
9668
1450
7258
7331
521
2808
2777
894
7192
8436
6032
5155
8340
7429
8770
1839
3760
7741
4249
1675
724
2477
8765
6805
1302
2745
6110
5056
3527
6482
7460
8890
4968
5371
888
7730
6881
1153
4692
1550
3766
2004
4269
3575
7253
2086
4442
8164
9679
5669
4352
8268
5142
8722
9601
9931
560
2838
2529
4932
2269
8376
3954
6499
2076
9352
5994
255
3780
8473
8263
9134
5879
7786
7663
4693
774
1854
3730
5659
9975
7811
2716
6567
1979
9940
576
7308
6785
1151
6762
666
371
8779
2586
4610
5686
4585
8190
1384
6193
248
3404
518
2046
1155
1148
7708
6674
1036
1601
3598
4040
9567
766
5372
6598
628
4097
5291
4867
98
103
2852
8094
1621
8567
2828
5375
509
1661
4902
3157
6330
762
5971
5282
8597
6394
5775
5227
5180
3389
9401
5735
7254
4699
2418
4546
1150
5860
7683
729
8523
9774
4652
1500
9936
84
3141
3493
799
1116
2976
9090
6778
2848
6593
2523
278
2978
5448
9167
2069
9444
6900
8291
9393
8020
4266
6620
3937
1988
7802
2028
1694
3368
6997
5071
8931
9741
2996
6003
4677
6869
2931
1152
1291
1197
2373
7052
961
9683
2226
4500
4164
5670
6341
4374
7024
2198
3411
8107
8517
9473
6016
9529
842
6680
8076
4305
807
549
7458
1395
7577
1240
3060
5693
9632
5966
3036
3852
9910
2926
832
5288
850
1234
1520
9259
3848
6186
5339
6537
1557
6114
3090
6457
4191
977
9038
1576
7391
456
7551
7630
3128
4053
8049
8763
6183
354
6141
9372
8372
3787
3070
7600
1222
7537
4139
937
6158
9944
8182
5982
9534
232
1278
5065
8487
9337
7453
802
984
8188
3065
2213
1666
9743
8758
631
4402
8720
5298
904
3504
6589
379
2667
5890
7069
7342
4934
9344
8274
9262
6347
7823
94
591
385
8195
6137
6169
7282
2750
5086
2175
3740
1300
5643
7341
1019
8362
9036
1703
7283
28
7072
3846
1907
5791
9719
6576
8111
2200
6181
684
7731
1032
8497
6510
7999
7692
1185
9864
9789
2732
967
5523
6246
7181
777
5386
1717
5241
5308
6910
929
8264
7680
233
1317
5169
1835
8900
4252
7101
1536
8141
793
9870
1438
7041
7668
3303
5251
9525
8909
6010
8724
5788
6343
1239
8476
8470
7107
6480
5431
1355
3355
6798
6199
8874
9288
149
3928
4835
2366
6119
3890
1104
3020
6758
6628
2383
4776
7066
1637
1217
5507
2124
1831
5881
1838
5309
8534
1978
8323
7704
8077
9156
3188
3427
367
3366
7591
3434
9510
2835
2417
6884
1889
6060
2489
5572
9821
1016
4334
9768
1586
4768
8102
8846
7969
886
3915
3958
9429
3767
2783
6133
8985
4663
1960
7199
3759
6473
5303
1053
2713
5122
9824
3269
4754
9397
7512
5774
1919
5232
3180
1617
6918
6135
704
6600
9984
4611
7812
3858
2729
5452
6833
2457
8215
5327
3672
1582
9884
4933
4569
2206
2085
1451
3727
5539
2898
2611
9053
5905
7650
7911
4931
1616
9388
9576
4046
2281
6435
7865
5872
3513
3762
7457
9737
4365
2057
457
4149
5616
4264
2878
5444
8336
4190
6160
3621
960
1827
4711
9691
3287
8747
6843
5980
6939
5814
6875
3629
1188
7590
1742
4522
6339
3542
9394
1184
5736
4880
566
4200
4775
6468
3328
2528
9664
2242
3438
326
2102
3942
1714
7598
2454
5740
3221
3561
3248
3338
5632
7492
5329
3594
6988
259
8704
5277
8689
9153
8628
5057
7832
8604
919
826
107
4718
1181
1571
9310
1420
8607
129
1821
2220
3735
478
9327
3568
7262
7306
1521
6348
696
4250
2172
6975
2631
253
5888
9676
5621
7706
5324
3642
18
1595
9093
1928
2193
8484
2958
6129
6102
9818
4793
4897
3526
6800
7541
9265
369
3419
3810
663
9286
4571
9095
6038
6449
9799
4549
6737
6128
5801
4458
3130
430
6828
6011
9480
9672
2936
2989
1055
2053
3851
3499
7204
3606
2369
8471
1312
6307
9914
440
2132
3360
3209
2345
4580
4630
2459
4987
7941
1980
4573
7648
4001
4380
8543
7633
3214
8950
2360
3228
1783
321
688
6301
9417
1547
8502
6286
1832
9564
6622
3569
3531
3480
3206
794
8341
3072
6034
6352
3490
8959
9298
2292
9010
4432
8864
2521
9750
4498
8387
7403
9731
3931
4889
8171
429
7329
7531
1373
6601
717
669
8801
7281
8776
7861
1161
1308
2651
8210
9407
4057
237
4673
9084
4846
4222
4537
3213
9139
8305
7821
9323
6085
7548
692
7152
881
3105
524
3491
4690
229
5446
7397
4852
5553
1368
1242
9202
5085
9616
7435
3903
4106
2472
1794
6902
2496
7097
9275
8119
4034
8096
6874
6610
9370
5157
6860
6515
5014
2905
5325
1002
4089
7887
3776
3883
3223
325
5902
8711
6471
3884
5460
4058
8631
6506
8616
5238
1385
7321
3885
976
7304
3163
1686
3929
2494
3347
5581
3603
6336
4309
1880
2543
3124
2564
9878
266
5695
3921
7528
951
9272
2088
135
9096
4700
8405
9707
498
5827
4319
4558
504
9735
7033
3375
7983
7868
9116
8217
2563
6264
4957
1923
1171
2969
7320
7984
5910
8647
6012
843
1356
8179
8743
6952
1815
6951
7924
203
9277
9674
4553
8546
486
9698
636
7639
9662
5023
7611
228
6907
2717
7584
6906
8347
8855
1482
1733
9646
2462
6399
9881
8863
9723
8058
4220
5813
9659
2203
403
4107
7749
9748
2491
3012
2532
5470
3784
4483
5582
8645
8699
897
7454
864
6607
8726
8536
4723
2138
9157
4254
5466
6026
1638
3996
3364
7557
8343
8881
3641
1048
879
8798
5287
2590
9680
5932
6818
6777
493
2833
8712
9193
3666
9074
9798
4095
1917
6932
6679
8752
1957
6518
6581
5172
8996
500
2720
5993
7524
3495
8675
3449
8394
3907
8505
7289
2782
5229
1009
630
377
2442
8033
4389
8753
1221
1828
6478
299
9212
2397
2920
2068
7167
7816
9227
2525
6064
2098
6725
2648
1806
9442
4050
9266
3547
3382
9557
9515
7194
8074
9247
101
5917
6029
9455
3845
4461
4881
5933
6175
3712
9930
2518
1427
5645
5266
1179
8553
9887
8160
3335
1683
151
8248
9518
2011
7337
14
9681
5457
1887
4628
3102
4084
753
898
3277
6266
7687
4842
4399
7054
1028
2619
7851
7726
4753
7491
9879
9191
7804
9686
838
4627
387
2959
3715
5533
7677
3892
2052
282
6316
4072
2994
119
8424
5789
7417
2420
4031
3859
3352
5361
2115
9488
4941
8069
9355
3838
907
9739
1203
7507
2934
2692
9225
8319
5320
4930
9574
1376
3126
4640
1862
9511
715
7392
5050
1341
565
5001
1372
6540
5467
9999
8680
1947
4534
9476
6686
1081
3613
5796
3033
8456
5703
2693
7807
1953
5250
9802
6433
4148
7394
6613
8875
8392
5351
3790
4411
8545
8045
1469
5272
7045
4173
9766
5629
5843
3001
4664
8561
6245
1671
118
9042
916
3634
1577
1653
3423
3230
8659
633
2061
9924
1463
7141
2331
452
9964
9405
8244
9528
7315
4248
4660
8448
4942
7290
6929
3042
6235
5202
5857
9462
1958
3775
2761
8401
9937
9500
4593
3882
80
5656
7455
5584
9249
5960
202
9120
3106
394
219
2393
1486
5496
6849
7390
6917
8749
8055
9866
8021
942
7470
2633
4183
8166
7171
8351
1041
7707
9073
9537
6454
8756
6565
8542
2189
7612
860
2024
1748
1642
3481
2787
6965
5347
8605
6282
8193
3296
7452
2300
5806
3087
9433
2305
5217
6
4844
6922
8278
1931
586
866
102
2890
183
3741
5285
1823
9847
2507
588
6231
3948
2759
6584
7340
1760
5681
7438
621
6166
2584
6977
3422
4653
7797
6587
6312
8912
7997
2719
8650
336
2325
9165
2208
7504
531
1281
492
8903
6911
9619
9181
955
2090
5837
6710
7150
7451
2106
3792
6819
5488
3850
4291
9439
206
9091
1072
9758
8459
7365
2093
6766
3295
8870
4916
7637
4760
3079
3951
6132
6968
6280
1721
6273
5456
8905
4832
8734
1708
8269
3249
1572
3050
5193
9858
6042
5617
3464
6714
2791
7754
5510
6155
8968
5338
9279
8529
9629
1018
7393
1328
6296
2530
5252
6463
43
5345
9657
7532
5119
5094
6179
25
1902
4463
7752
528
535
9069
7944
5420
9389
844
8938
3171
8303
9213
5958
4684
1294
5096
1894
4849
1174
9164
887
9400
4497
1664
714
1258
2040
5846
2077
580
2756
617
4357
4403
8551
109
4514
3119
6359
1519
3722
8445
7408
1704
3361
1620
7778
1305
9214
9105
5003
280
1437
9717
2577
5026
3560
727
8117
4582
2137
7062
6756
985
1453
8041
7280
5445
6668
1769
9569
2805
7252
1808
8656
8444
9482
4906
7089
4260
1920
8562
9756
3500
5970
5576
7578
5077
3986
8862
8782
4039
3257
4278
6652
6234
7082
8004
745
2642
1684
2317
3950
1555
1034
8581
2583
1799
8893
3336
391
5781
5556
2502
5353
789
6770
5717
497
1843
9805
9
3955
4788
4669
4592
1397
3779
2723
3925
148
4837
470
4769
2809
6522
1348
5152
6146
5330
1360
9962
1251
8967
2302
2893
8939
7316
5761
7136
2065
4953
4486
1296
9682
9188
2945
7273
4339
6635
1319
1640
7464
100
7333
2014
8298
6458
602
9778
1421
5941
8583
2676
8745
4895
1059
5973
3205
4901
2435
4294
1400
7046
6999
4298
9504
3670
1364
5355
6689
1724
5500
1914
2103
5823
5590
6700
7476
4946
5712
341
8254
9215
9965
9123
6799
4697
7223
4055
6659
5786
2860
2767
8486
4128
3145
209
9956
9447
3348
4310
6920
6041
1247
1669
1921
8512
5713
590
421
8830
7943
1010
134
1809
4587
1793
2479
3646
8209
3764
9983
3807
5780
9744
1003
1792
4367
4749
9125
6019
7130
4185
2167
8733
8462
477
751
3599
9162
9144
3658
9919
5402
4840
473
1526
2129
8315
6521
2000
8054
9803
2029
9229
5081
8548
307
9080
4263
1600
4917
5591
1570
69
4606
6159
7498
1440
723
7928
7712
2971
3556
8827
192
3066
5570
67
5471
5642
9859
5413
12
4597
3067
6512
8155
4375
2003
8850
2410
6488
6238
537
8482
6090
9882
6418
931
5811
1101
6618
7595
7634
8635
3236
262
6153
3400
6919
6134
4576
825
9414
7079
938
1611
4523
7427
294
2901
678
1475
7724
9539
6357
95
5776
6859
2342
9187
3063
6878
5401
2699
7272
3204
6972
2298
6880
8993
6198
8735
3808
5240
133
6148
6531
624
2645
5709
2367
9793
883
1938
4790
2929
6070
4864
3232
8538
9316
4477
4965
687
5737
2396
2041
8262
8430
1137
6772
1370
6795
4883
9503
1144
8797
6748
3185
315
3690
3840
8558
2145
1751
1682
1149
7853
3585
9148
5436
7424
413
7346
8718
5779
3651
2744
5543
2267
8332
8829
1884
7937
3080
1051
4944
1603
5701
3439
6751
6967
9026
5385
6456
827
4777
7764
6688
7912
8358
6645
8788
8872
2141
7526
1984
8714
9577
3665
2709
9551
6870
5082
3117
7076
8203
4491
5657
5293
2161
6105
830
3456
698
9633
7031
7448
958
1740
5527
7628
4816
2592
1761
2357
5414
5134
5328
6484
2293
1888
3474
6707
5373
5684
1551
4526
191
2505
5794
7124
146
4575
3566
375
8059
4012
5598
1886
3562
9765
9040
7488
2232
9855
874
7090
3331
6411
2900
6486
5815
4437
1911
880
895
6250
927
7106
7026
1100
2897
1233
5258
7938
288
5062
3327
9599
3107
9545
2883
2051
3733
2239
7423
6699
3317
1872
7587
6961
3609
7322
9829
1209
3518
6507
6425
9890
2764
2038
7516
1043
3109
8400
756
7169
9955
2718
55
5027
543
3586
6731
5218
4629
7479
7260
9764
556
6429
7977
1535
668
6829
5883
7905
5742
9384
3388
496
132
1524
5745
6272
2879
1784
6617
5472
3272
2662
8447
9103
2831
7347
5804
2654
7901
2806
9280
8980
6551
8549
7880
4315
5625
950
7993
7656
1060
3962
5070
6940
222
7468
7622
7847
1430
7740
261
1677
5011
9606
5536
9667
234
999
6764
8810
2400
1659
7264
1295
8693
8199
7794
1143
5037
8918
5869
8795
9586
8579
545
3435
6698
824
4061
3330
7822
4714
4830
5729
3758
8652
9970
7756
6887
77
3805
2209
1011
2374
3009
1350
5289
108
9031
7702
4025
2388
6069
3111
4275
4485
2316
4983
7869
2558
8123
8299
51
8877
3225
2216
4951
9517
5668
853
7963
287
4299
4493
4468
4320
9652
8925
9499
3543
364
7039
2541
6476
4404
3865
2385
388
709
1745
9895
7518
9088
4030
4318
8887
5672
9067
9998
6086
6502
6948
474
6033
7163
6139
5234
9559
8035
7001
4884
1505
5079
6387
6365
7197
9922
7854
5977
5322
8297
2023
7782
7475
2389
276
6546
7413
3019
5783
8922
9982
2779
9929
5839
2557
3201
9471
1626
3707
50
8301
2727
4142
5453
4150
4234
3334
6195
8660
7217
772
1613
6831
2868
589
6596
710
1077
6947
7582
9581
1044
5751
7122
5046
490
361
9092
5388
9207
5426
2944
7842
5267
4325
1746
9115
2785
7545
9689
434
5730
653
1102
4175
5514
2851
2036
8906
9009
3047
5721
5059
2358
5495
7979
711
6444
1645
647
2347
9307
4153
5968
5443
8525
3045
4207
9520
6672
3844
7037
2559
9152
2967
9443
5044
3757
4691
755
8816
471
7009
2947
2569
8995
7203
2670
9950
7440
3798
2326
8389
9021
5078
3723
679
7641
2498
3024
4192
8682
4644
3742
726
8414
6037
7173
1597
5083
7071
5828
5089
4778
3014
7831
6335
5528
3441
7257
855
4601
6509
3832
5620
3308
965
1425
3216
9063
9196
4277
7926
8670
5
1690
6921
6094
9548
9877
7386
4236
6603
2798
7814
3146
9260
7472
7334
5885
7522
7184
9903
5153
2176
6046
7043
9028
640
7343
8086
8373
6614
8560
1715
3659
3917
4060
4734
7981
2679
706
1609
609
2072
2390
9578
472
9706
9033
1777
166
7550
2291
2794
2403
6164
226
2444
8928
776
204
1990
4240
1691
8526
9752
7021
7810
6342
9708
6398
9905
2714
4920
8961
3977
6291
7298
4049
2638
3118
7190
6067
2278
2992
4332
3514
5242
4377
1454
8418
2768
7032
9017
2092
3307
8380
9282
7879
6318
4064
1904
7610
2045
2906
5106
8065
600
7808
6946
4178
461
8672
4848
5870
2585
4540
2343
579
5992
1514
4029
7376
637
939
4056
5808
8858
9297
1786
7201
1668
5269
3299
3046
3276
4384
264
4115
1604
2247
8741
8727
1602
4620
6684
6407
5354
6706
5048
227
1266
4140
3856
9827
926
8031
5382
1976
7722
9630
3725
7774
6002
4431
6807
2500
9029
6493
199
9246
6130
7219
5840
4038
6203
3312
2678
6332
5698
1672
5764
6412
8979
8027
1561
453
4103
4101
4041
2984
6942
4255
5884
8527
779
2913
2121
4117
1388
3952
5648
784
1323
494
7473
9151
4878
643
4602
3278
6768
3476
9185
7666
4967
1630
8533
1434
3349
1776
7617
2118
9427
7265
242
813
7411
2790
3584
8593
6380
6018
9519
8239
3340
5646
167
9749
9941
9001
3511
3796
4347
1244
2404
2275
6991
3104
5093
3656
708
9974
6759
3390
9594
9512
4919
5732
3957
5191
7618
2998
6639
5916
3853
1064
8485
2908
245
306
5689
4073
811
8165
455
1837
4465
1007
295
1431
9871
9560
6403
8552
4093
635
2966
8778
441
9203
9841
5792
1365
8611
8856
4794
7419
2685
6413
2766
852
812
5624
70
5294
8637
7202
9474
5676
4124
547
2225
7781
8975
1241
9106
9030
6533
5384
4784
6719
8929
4512
3558
466
3346
1950
2680
5314
3571
4997
1446
6416
444
8071
2536
5943
4436
9129
2486
3370
9703
7425
9453
8667
4338
3647
6891
8824
5167
6722
1225
156
6612
3410
3576
8867
6625
6295
8843
1405
6050
7121
4376
6171
2037
4235
8261
3772
7230
982
9899
365
4536
5464
5031
7465
9736
4506
3905
5396
9673
7300
3302
5848
1031
2248
2136
3266
4346
4006
2470
8786
2153
4890
5965
7828
2474
6294
2107
2328
7083
62
2690
2877
2361
1899
74
5084
3170
6872
6990
2839
7019
7906
9677
4118
3025
2579
1592
3219
5691
3345
953
9111
1292
2876
9423
3926
7935
7243
6494
8773
1165
7604
4626
7096
7675
9237
5038
216
2885
2597
2968
8588
4995
4083
8737
5088
3739
2448
4882
604
6534
2961
7056
6325
3055
7129
705
8839
8668
4171
7955
882
5725
1199
2012
8345
4780
1061
3155
8271
2561
4110
7248
3698
5631
5230
5281
4348
1961
3461
1679
3131
6383
5392
4599
2059
981
7950
1383
7330
1476
7885
4286
6983
6388
4307
5679
9408
5220
4975
8569
6634
8639
4755
7134
8162
6237
9311
3834
4308
8642
2733
5497
8306
3039
7845
4082
3496
9241
7112
9296
2520
6580
4239
5049
5092
6059
1172
9617
9728
1580
9263
3793
8648
7866
4003
6313
7710
2252
5850
5440
5508
1452
3875
8330
6984
4800
9809
9635
9957
5923
7439
6075
9992
6201
5076
2602
739
1447
1092
3165
3743
5331
7647
8644
1253
9696
5091
905
205
1983
4152
3731
6326
3314
4071
447
6319
6254
7233
4036
1128
8717
9505
448
3318
9566
815
9068
8322
5383
1023
3053
6322
484
1393
2414
8266
3920
2453
2834
3385
27
4062
2754
1080
6666
1342
4213
4851
1423
1429
7212
3557
2219
8728
4958
3048
88
8450
9838
1001
3627
9386
6211
8422
5964
3966
593
574
4739
4649
1985
4472
2007
4913
6993
6677
419
5618
1589
514
8309
1279
1269
3069
4996
7310
1322
123
5830
5156
7286
3136
8987
468
7015
7815
1766
8515
7627
3233
988
4035
7996
8599
8233
5051
2632
6373
816
713
7449
5459
4704
3095
6903
7834
1334
6113
4681
5724
82
6284
296
348
8391
2725
765
89
1087
9819
5763
1857
8784
350
8578
865
3940
4370
3089
1472
4856
8949
1227
1968
8946
4354
4943
5233
4247
3027
9367
8610
5208
7701
2064
8955
4349
8930
1706
2531
5296
581
7927
1075
1103
7767
8234
9626
5950
3783
3618
7366
3768
2854
3573
1157
7564
6247
2736
7657
5187
399
1379
7580
6767
60
8966
3644
4813
7652
649
1701
8619
1382
8412
4554
1391
6599
8901
2438
526
8504
672
8793
8469
1750
1657
699
1381
9395
7748
5055
1936
2323
194
1885
7665
4535
8655
2501
4469
5151
1163
9306
7711
6337
5214
168
7363
3854
2217
9489
3344
1533
3703
8105
8623
702
83
9804
2431
1619
4024
9428
53
4368
4872
3964
4265
4488
5127
3143
8684
657
5871
8703
877
6167
4954
7220
2647
7175
4410
1218
4028
1344
1487
3992
5398
7404
7245
4651
2928
2641
9044
2428
2660
6218
4193
5008
801
1212
6126
6257
4787
1676
390
9319
5760
903
3866
6057
4876
2421
6575
4301
8259
2108
9141
9258
8371
8882
4950
1709
9600
6557
9699
3662
8524
218
1178
6469
6497
8873
3401
3717
240
9687
8047
2078
4141
3753
6263
854
7897
6091
8257
283
6096
1113
7405
836
9206
9146
7995
4198
2842
4563
3325
9904
5032
2460
4314
2402
7714
2022
7529
1166
8516
3633
3654
2186
169
1719
8349
5580
2902
9839
3699
869
9398
2047
2480
2050
4740
6150
7697
6467
7787
3365
396
3963
7539
8005
2866
733
809
6661
1259
9034
4501
7888
922
7421
9458
7022
1097
8960
2304
9143
7008
6466
13
7773
8125
8432
9467
2446
9751
324
3756
4037
3906
6035
1443
962
2240
2604
6461
4076
8804
6503
540
7372
7867
411
1273
8437
9688
2513
7428
8815
3749
9907
7824
6226
8603
3023
8382
8790
6031
6350
1020
1962
186
3539
995
5566
8204
9536
9823
7581
1274
5852
8895
4826
7497
6206
3975
9302
2540
8113
3433
3676
1773
6440
54
9516
3420
3255
3469
5274
5033
1115
3096
5651
5797
558
7682
5455
9172
9130
5138
4253
4688
5036
3969
8507
6099
3289
9860
8695
309
3522
1848
3
3247
5945
57
6773
1277
4202
6043
9570
890
9669
5176
7402
4397
1073
9533
8936
6108
3010
6217
4824
510
8924
5600
6470
2268
1504
3310
4453
9150
7148
5451
4633
4048
8537
5105
1732
337
7855
3273
335
3208
7157
7327
7118
4215
256
5688
7292
8897
8658
4363
9725
1856
6208
5483
9289
2035
1807
3503
9733
8421
4747
4991
3169
2018
6697
3379
6142
6853
3855
4120
1004
4324
285
7379
4741
3154
778
310
2922
9867
9436
2810
5114
7113
2407
5914
8762
2857
9250
87
5137
6431
6489
6222
632
1307
8841
5052
130
5357
3467
2859
8451
2987
4736
6302
5558
9376
9880
8153
2190
6080
1146
4530
2962
6239
5043
6693
9541
674
1563
1506
2911
2650
7910
6651
8742
6386
4194
3161
3238
9233
5912
4988
1744
8575
1544
8238
333
1942
8514
5562
863
9734
9544
8438
4982
41
6660
495
3041
9390
9097
1245
4908
5100
4482
8547
5583
5476
5280
6665
4306
2813
9792
3713
6227
1124
5816
1201
2009
9313
8369
4507
920
7183
443
7385
4105
821
2178
2437
4245
8149
4078
6162
3614
4631
1890
1753
1824
6899
7678
5961
380
4407
3619
4181
4229
3150
4388
3508
7255
8348
1399
8383
8435
8219
9251
4022
8144
7159
9085
8427
1646
4143
6268
1169
4067
469
9656
8518
7358
3160
1325
4896
1939
6368
9589
608
1667
5412
5795
9276
3637
412
6415
5235
9244
7596
6868
2707
9226
4729
1484
160
3052
9066
9801
10000
1651
2765
685
6555
3797
3537
1530
5200
996
7387
6740
3316
8249
4513
1058
1444
6825
6824
7012
8409
7195
5286
3991
6117
319
3788
9268
6320
1775
22
8813
6909
6362
2296
7569
4119
9853
3329
4922
9318
1392
3358
2276
1729
2351
1359
9938
1415
8725
5340
8395
2918
7553
4855
9815
6375
7515
114
9300
6855
5759
7145
7948
9490
4209
5019
4820
9321
2939
9852
1631
4774
185
7307
6392
6014
4706
3608
9843
6608
7530
3577
5159
7466
6877
4086
4405
7942
2661
7570
8441
5428
6180
3782
3648
4976
6154
1120
5022
2469
9604
6821
3528
6112
8768
7133
1110
7958
2416
6574
7974
2354
7864
4981
625
2533
5552
2499
5909
4945
5594
6771
7525
9051
5359
1509
3791
862
4490
5588
1932
3829
4742
5300
8621
1479
5685
1286
6176
9856
1082
7690
7176
8129
4075
7501
6044
1546
4759
9943
3193
2793
7412
3267
9058
2363
2337
5731
2054
1495
5865
5073
3218
534
1183
9459
2565
254
451
5610
5197
4962
5468
8760
5726
2370
9678
730
112
3284
4635
8333
611
8917
6244
9102
2312
3492
9639
8550
3234
980
1560
8892
2303
8943
7872
5819
3383
2222
6837
7431
9960
1108
3806
2762
7775
5198
9580
5393
983
1993
8941
35
6017
2818
9495
4814
9972
917
1236
2740
4499
4682
7187
3721
4938
8413
5139
8176
56
6690
1778
4986
3839
4926
3927
5101
5614
4283
368
9446
1156
7527
2827
3084
6987
5611
2245
4424
7777
546
2229
1643
5243
9697
623
6629
2691
436
2644
4350
4643
5812
948
5666
7371
2659
4936
8100
5770
7881
5485
656
3997
8236
9909
4674
2197
8974
8508
7789
7607
8320
5652
7968
6739
2368
8563
3293
7705
3291
2551
2130
4999
4567
1268
3241
3524
5930
7889
9857
3985
1336
3032
9460
3763
6664
1127
5177
6191
2311
7430
8067
1876
9702
2111
9851
2653
7269
1306
6959
5560
2867
6630
3616
1543
9331
431
4495
9710
4767
2780
9003
446
6636
6496
2731
159
6340
1229
7929
1967
9238
1094
5306
9420
1705
4796
949
2233
6763
9784
9641
9977
8216
3172
8316
6924
482
8161
8986
8632
2279
274
6479
2715
7873
3078
1416
1700
1250
1275
8112
6787
8126
3098
8079
8554
8
2465
8385
3827
6087
4903
425
6811
2073
2274
9353
966
7224
6715
5164
3254
1056
997
752
5555
4828
7165
5442
217
3407
3701
2171
4371
9072
7571
7149
1208
1401
5236
9154
3071
6915
7613
1024
9745
1052
2995
6149
876
9990
3061
8302
8933
3674
8629
7189
7232
8070
1558
8625
9083
3559
3108
5635
1351
8492
1318
2461
1981
9242
2394
8919
3083
9287
1191
841
5111
9457
4225
9647
9584
5948
5203
2341
2630
6554
2799
552
9012
3747
6165
563
7388
5589
2443
5323
8080
1067
2749
1333
4966
5225
6422
2741
9183
9452
7725
4186
2755
8282
1930
1591
7225
3088
5939
1573
2042
4893
330
9875
7744
817
38
3115
7788
3373
9684
4113
2510
9245
1358
7051
7049
2881
2974
1345
9281
9660
106
5319
2937
2760
7654
6306
2581
7998
7703
4625
1771
4762
686
820
1078
1090
4227
6259
9622
2215
5727
6351
6472
8694
3847
4147
9271
5920
322
9951
5465
1320
5989
8913
8396
8751
5626
6550
1168
4899
8921
6709
1663
4657
9273
3432
7459
5802
3323
6097
7010
3934
8229
4473
5708
5260
5069
9790
4015
7520
5416
3134
2643
4445
3292
7803
8356
449
6185
464
8932
9301
9795
8075
9195
6327
2338
1954
9666
2636
6678
4858
7068
2549
8774
4904
7597
8152
9086
9782
4731
3099
5154
4274
7743
6020
1107
2181
8911
5054
6524
9828
4719
9991
6013
8802
3502
8010
9796
4069
9649
2026
439
7579
1035
1213
3498
5863
2772
746
1622
5517
7503
8888
374
2844
5925
9771
1262
9563
2949
7646
3448
7326
3064
3129
1878
4859
8224
9108
712
5952
4588
4911
59
5704
2603
4929
6615
8962
9773
8180
6938
8007
4918
6552
7278
4342
5664
2415
1538
9079
814
8146
6355
3956
935
4422
9218
3183
7338
6892
1162
6738
7593
3315
6214
4321
6553
7182
4427
9761
8748
5098
9655
208
8250
5447
9738
2991
7989
7506
3570
5983
2445
7432
6836
5075
8145
6871
8907
9989
7599
9437
1892
5833
7000
3677
3535
5482
3038
4470
7314
3122
7801
9174
5934
1288
2588
4679
7544
5410
2673
5991
79
8194
8503
9996
2861
5170
2180
7988
764
7956
3453
5520
6851
6279
4550
9650
7696
9371
4745
2924
1121
7655
4444
423
1741
7900
2017
5748
6985
7007
2099
8602
5757
1106
5640
7986
221
1039
4994
4756
6623
3121
2122
6305
5165
7536
1243
2315
5949
4087
5596
908
695
1462
5671
2399
5479
7961
1883
85
5988
1456
9978
6379
5415
538
1375
1398
7795
6621
4559
46
3974
3981
3582
5899
6822
6072
7511
8916
6300
4811
4358
4364
4560
1656
5080
4400
4023
6685
2244
1309
4505
3162
3887
8615
3860
7565
3271
7902
8327
7172
2436
8808
8285
1467
8945
8738
1567
6937
7226
594
9568
998
9549
759
9780
2820
2953
2684
992
6830
1989
6241
5987
2070
9305
1944
8154
2875
1688
4547
7277
541
5449
2133
9064
8920
5183
7776
7241
1196
1141
4010
6389
170
3446
2935
1588
9868
2771
6624
2580
3093
4509
3688
2560
2706
5758
7139
4623
2441
1566
407
7295
6402
3902
7846
6404
3738
7259
7980
5936
3709
8122
2824
6299
9597
1583
5711
6980
9532
3831
9968
8227
9430
7442
3551
9179
2241
6979
1798
8276
8618
2096
3710
3320
3823
878
231
1575
8769
7360
5223
5201
8108
8221
3872
215
9623
6724
2627
6432
1026
2205
8061
2999
9826
9502
6779
9317
4282
7339
6298
302
4009
8039
6730
5486
29
116
9902
7919
5211
7835
1037
8702
3101
271
2623
6856
9018
5029
4297
4646
3771
4598
7728
1922
6978
6804
9137
3786
3197
3990
3671
5210
318
3127
2738
4323
1445
300
5366
8511
3237
3746
840
9607
3116
9292
3173
8859
2904
2289
5213
7991
6944
964
3687
4668
8871
9816
5864
7014
2174
4167
6177
8361
5182
4562
8474
2376
2621
6749
2952
792
2080
6123
6745
8585
9119
9101
9312
2734
2329
3426
1964
7103
1670
9810
7489
2607
9763
3384
5249
2775
9404
9351
2801
9107
2574
5662
4785
9958
4543
1852
3833
3463
4605
9572
9426
3190
859
5425
6890
3147
8429
8428
3322
1627
7734
1489
6049
8032
384
3601
2923
7820
721
7400
9831
3770
4206
1998
4027
5931
1605
4829
9200
6304
1795
9654
5573
6047
250
6542
8908
2016
909
8555
1117
2612
4231
719
6969
6832
1246
932
2251
1411
2985
6839
7092
2658
5606
575
9615
5619
8092
9075
9285
7904
9976
2508
358
5733
275
6345
9383
6288
4132
1772
7128
7508
9747
4710
9558
1030
2786
6797
5705
6594
7450
2207
6746
6561
435
6850
8624
2572
9961
1111
1648
6039
6377
8685
934
5574
7721
5264
2021
1610
7917
771
835
682
3075
8541
2440
3031
7575
4748
5571
1321
6230
5120
3563
3724
2743
8223
6653
4600
2074
5782
3704
8273
3532
6022
3191
584
2526
7601
9314
4675
921
71
4632
7061
7691
2946
342
3311
4184
732
2386
3820
1963
8465
136
7268
5754
3301
9786
5058
6549
3871
311
4971
5462
4462
3430
7766
665
6073
7040
7229
5544
4385
9481
2372
5121
603
7791
131
4464
8225
9240
9324
5972
2792
3454
5593
7585
235
8475
6384
892
4541
9171
3002
7285
1140
6068
2301
2183
7487
1881
1232
467
7907
7238
5160
9526
5381
3898
8767
1974
9709
2704
270
7959
8848
9112
241
9911
2726
4604
4937
3933
9222
6115
2567
8662
8910
9575
3728
2476
638
644
1840
8241
805
2273
4021
1448
7839
2320
7369
7729
6568
1256
8849
2119
3946
1096
9368
9014
4989
4705
654
5842
1408
2353
3868
3901
7761
4865
2817
2377
5053
7909
7227
578
7368
2408
3657
8755
4616
6573
2049
3110
6823
3282
7274
5834
7034
694
5477
1282
2550
2164
2695
3510
7373
418
9628
2622
6106
9094
567
6782
5247
8952
3789
1297
6441
327
405
6477
5831
8350
8708
3745
6681
3744
9550
8620
7964
5585
3521
6582
8355
2587
7362
5592
9760
3930
8521
2675
4068
6786
4460
4544
9350
5667
2837
8865
5147
2628
1193
1494
8207
5104
952
5000
7837
4715
8460
298
6390
9170
2185
1237
4984
6283
9872
8894
39
1734
2652
2110
2364
61
5755
2382
9694
5108
3972
8352
5901
1424
6138
7063
8384
7552
7249
9822
6563
1879
8231
8678
3030
137
223
6595
4098
8669
8136
6695
6438
475
5489
7293
660
9497
6212
7221
5315
1205
7640
501
7263
6876
6925
3888
2406
9547
9524
5407
7017
6586
2135
9450
4568
7933
4296
7270
5207
3462
7790
3468
6526
1804
9885
4494
4619
2884
8425
3826
3939
5587
5020
8794
760
9477
4586
8947
646
716
1644
925
6729
6465
5102
1650
7336
2538
4581
8732
329
2082
4928
6728
3153
9850
9002
4860
7966
1332
8723
930
7592
770
1692
5765
5602
6848
8449
260
5569
5268
196
8388
9729
4287
9005
6757
8730
4618
9638
1226
3043
3574
4948
6354
3572
511
2270
2398
4474
1871
8633
4892
4228
7660
3815
1849
3054
142
5188
1697
5179
5798
7422
5292
9198
4654
6675
8836
5141
4429
806
2539
6912
3288
5577
8983
3275
1743
2330
6583
5706
5150
7348
6071
4415
1298
2864
4854
7398
7945
4133
2537
2466
6420
6310
6258
3341
8284
8453
3100
4725
2365
9035
4515
1863
9454
171
4230
834
489
8493
8310
9349
1170
8868
6889
6606
7222
8823
6111
5986
402
1025
5690
6960
3013
9840
5283
5858
4
2942
7198
3166
5356
2044
3457
9425
5851
8159
7971
460
7170
1477
9412
8934
4284
8416
7759
9498
4052
5661
9168
3484
2280
6093
2144
9835
3485
7332
6323
105
5256
9220
7087
1261
45
7067
1900
7486
607
5665
9055
9561
2013
6970
6604
8681
9783
5205
3824
6905
8378
9326
5061
2909
3811
7990
4735
9939
9755
9846
4096
110
858
81
247
4201
1202
5343
9343
9472
4808
3622
4751
8951
5226
7135
2182
2359
3339
5805
6564
1687
9114
6430
615
3138
585
6705
4313
4875
1726
1330
9807
2286
1436
3720
122
2048
2869
8101
1374
6545
1955
3900
8698
3429
24
4825
3354
7
7685
6640
9862
822
9583
3262
9117
5196
5771
3781
5231
1228
6789
5738
7886
5326
8825
4529
2601
2422
4210
3265
6215
5487
1737
1371
9716
3778
9228
3814
8706
6074
2742
6708
8156
8822
1109
5168
66
522
8691
5979
1986
9099
1216
568
7862
1693
4163
1969
6077
3459
7193
5363
2746
738
829
3960
1361
7311
7818
6769
6717
639
901
1366
6995
4280
6309
626
2606
6293
7559
9535
5654
6369
2605
4771
8446
5090
648
7562
5793
989
911
4817
9221
5522
2721
5707
4216
4596
4528
1685
9361
3904
5942
6721
1517
9906
7098
8283
3326
7918
7750
5389
8860
8653
5253
347
3734
3198
8978
8674
9342
9640
6417
8686
9995
9325
9579
2468
6525
3983
3773
8499
4648
4752
7658
8817
4226
2212
7635
2335
9315
3006
7874
8095
884
3965
1774
1730
152
7770
5492
8576
3653
5418
3415
9008
718
1428
7099
7013
1159
1579
1752
6658
9378
1864
7638
1826
5549
7538
293
3567
804
9461
3324
2620
4821
8317
8133
1951
2562
1433
9104
5567
6249
5953
6743
6333
2907
1324
9175
2870
3309
7057
4326
9794
2596
263
4801
7381
4435
6813
3005
9714
4925
7849
138
44
1071
1910
2814
7965
3596
2553
7566
9204
9303
3073
7200
1999
9121
3501
1972
3914
4802
3600
4617
2511
4047
1539
5265
9701
7309
2020
2332
9122
6008
6916
1853
1556
8775
1499
6161
2307
3663
5938
277
6066
7860
7737
6292
3579
6857
7720
2230
9118
8024
6667
5636
9449
5474
3473
75
5244
2071
7838
7519
8556
5068
7462
9416
749
9777
5718
1418
9418
9509
1033
5107
9986
8116
4002
2975
2158
147
2711
8240
9333
2571
5538
3167
4449
6063
6976
4302
4256
2318
5853
9290
8016
9508
5954
1814
7485
3261
2277
2100
126
1805
2451
9963
1311
2184
7256
6727
8520
1207
6532
747
4503
8683
7328
8638
5435
655
6718
6058
1412
8969
1402
9808
9947
4408
900
7496
629
2914
121
3056
1442
990
73
1851
7609
4638
6401
7158
9016
6464
8366
1699
9845
6861
9483
2888
5700
383
3970
2938
5259
790
9039
2853
6182
252
4672
4456
8965
3113
9081
5516
2154
4386
2081
6926
769
1473
564
2199
667
9813
7780
4963
8879
923
4812
7698
8565
7350
1901
6381
3246
9463
7549
6363
6866
4738
5976
2449
1641
7044
9618
5015
5762
8118
4281
1542
78
4803
2575
9335
8407
5380
9554
7352
3417
2555
9546
8052
8205
3581
9513
9299
4870
2599
161
6481
5276
3932
4295
561
5927
1339
9027
265
4158
6079
1649
5348
7500
8134
6790
3857
5128
4939
8246
6752
6867
9419
2083
297
1606
3588
3397
6442
6656
9037
305
5499
9060
5844
3242
3194
6814
37
7140
9997
4518
8676
2487
5166
7003
3664
1820
3142
8403
2194
6994
7207
9927
7747
8212
1091
6346
92
3337
8198
2700
768
8211
4409
3640
200
1712
4761
4138
3280
3470
5766
5498
3351
8590
3876
6324
5109
5018
2162
8570
5511
8109
4195
7131
3391
6949
5557
968
5390
7463
2084
9248
8992
111
6491
3395
5529
1409
5911
3548
1868
5158
2843
7671
8143
1192
1553
8439
936
9787
6400
2187
8483
7713
734
2830
4574
8073
5820
8081
6796
8687
7953
9078
4392
5677
6981
6609
5810
2940
5408
5710
9555
6027
4810
8329
8713
7160
650
8346
5045
8251
4161
8042
1523
258
4162
5184
9424
831
127
8150
893
1696
1464
2362
8187
414
4772
3989
91
3184
744
3343
9985
5650
1086
465
220
2149
7521
6713
4927
6143
9464
8342
7568
4990
3479
8522
7447
4272
1069
9897
7415
5024
5030
2943
3755
4959
4077
1841
3168
1214
5480
5344
9049
4781
7377
4533
7858
9651
7110
8649
8606
4732
4520
2350
4992
9294
839
7870
8479
5336
2265
3362
7132
1655
4044
1367
5145
4112
140
352
7517
286
1458
5284
8705
7370
4360
9011
4886
6923
7739
6209
4413
8022
3624
9136
2310
4511
1289
9047
9908
3604
5824
2381
9711
195
5228
8818
238
8789
9402
3515
6376
2379
9413
26
5773
9742
7303
3192
7357
788
2214
8501
7894
4831
8532
848
6427
1763
9194
7461
8851
1195
1860
7841
2227
2634
5607
8363
2548
9973
2960
6671
4353
9540
4915
3611
2522
6808
181
8937
4961
5430
595
4224
1816
1441
1574
4728
6276
4924
4709
4836
3029
1762
5364
1062
9254
3971
9900
9363
5946
9379
7085
8480
7313
1926
3667
9261
8643
1468
3251
5512
5162
1710
7563
5800
2324
7168
5278
3181
8990
125
3595
9934
2863
508
3631
1680
9320
720
5637
7380
6897
162
3564
3623
5984
4434
7355
1283
9665
5103
5603
9479
1347
3103
2163
2618
6136
9269
9486
2610
1796
7715
7558
681
8334
1540
4316
7792
7762
7674
6711
941
1377
8173
3691
1817
1417
7111
6054
355
6397
4066
1568
8114
6570
1765
5374
8468
9052
2941
7361
4317
4914
5110
3406
7733
5433
2159
3821
5660
1133
1076
4242
4809
4655
8106
8068
4121
1593
9644
4454
5017
5039
5441
3259
5926
9256
9253
6103
5074
7016
1485
605
5174
8406
4327
8090
8127
6882
572
4111
1435
3187
5845
896
4556
7676
3873
9501
2703
1916
3638
2075
5405
3245
7011
7978
4008
6156
4123
4312
4017
7535
2349
5042
8288
913
6095
5935
1263
782
4070
5787
1215
8455
5608
1674
4757
5391
8168
4676
9670
3554
4059
5856
9613
4203
8842
4766
1466
6448
9720
2774
6334
4479
2091
2254
8044
8641
9832
5221
9849
8688
5524
9399
2258
6547
8289
1891
1875
3081
5605
9357
1654
9715
5778
6815
2401
5199
4455
4763
9598
9015
1720
7605
3436
8237
9356
7572
2475
6005
9624
5561
7065
7765
36
9267
8255
5535
3607
3264
974
2019
4726
3988
9209
899
8062
1531
1206
1190
182
8592
2722
4267
4328
9197
7920
2493
2640
5368
4637
427
3686
9514
9210
8958
7608
9304
3870
8948
780
4214
6187
3097
392
5741
5743
571
4251
9347
570
1145
2955
268
1707
6840
4869
1652
945
6196
8048
3819
7378
8498
2427
2056
9605
6121
2506
8506
7673
7185
550
5903
1457
33
7050
6083
1386
400
3086
6517
7218
8025
5997
7495
8258
1349
4127
6885
7144
2669
5880
2748
3437
7436
5531
1112
2169
2231
9593
2544
2264
6736
5317
6505
2333
6109
1948
6895
2192
6409
9019
1915
2503
2832
190
3428
7779
7323
3405
902
4104
8197
622
8761
2452
3357
3649
516
1812
343
9062
2433
6370
5799
1050
8466
332
8777
598
7446
9979
6838
5222
3483
4137
5297
212
7960
6816
1554
3803
3133
331
6220
677
7992
7213
201
818
5921
1822
5767
8132
9022
8701
6520
9309
15
4223
4873
7299
7384
4457
9637
9432
5360
3945
2895
1702
2177
9988
1845
1738
6692
6040
7555
4960
8596
2481
6847
1083
7023
8835
9231
9898
8060
4607
8339
5540
5060
3953
3003
5434
9842
2773
2730
6045
9621
6331
3450
9788
4218
8491
1905
7073
6157
7196
4818
2008
1461
9491
3861
6204
6934
7573
7876
8256
7395
8011
7214
8831
4722
2576
2002
5878
6443
2624
4271
338
2689
1689
4850
6810
795
891
4425
7114
9611
569
6558
8121
1497
8845
4779
3879
8088
4259
1780
9834
9329
2095
4689
2348
6225
7137
4019
9149
6078
5192
559
5469
2033
7482
3520
177
4721
9609
2221
2123
5692
4257
4795
8138
7891
3442
9527
5746
360
1825
3936
7939
8308
2821
8015
7670
6741
174
7235
3684
2155
7426
8082
8899
4583
3949
5855
6733
9848
11
1049
5126
683
9396
4707
6265
6744
462
3175
5978
6720
6928
8869
4340
737
8467
7418
6754
2663
9410
6783
5753
8766
3140
8338
6490
8500
5716
1946
5437
6395
1629
553
3726
9264
7546
3016
8354
5957
9779
612
2346
9359
4579
969
6098
2439
8636
7279
5565
3706
6862
1660
3980
7819
3777
5335
7746
6643
8040
796
6391
5627
3227
4100
7075
9754
6792
4839
5346
4144
3643
5190
763
5072
4621
9797
6585
7829
9762
6803
5826
2816
3386
1525
1394
4447
596
4159
7554
1758
6644
9438
4292
5224
5702
9585
620
5928
6691
5312
5257
2990
6197
6962
382
7251
7973
2165
6998
994
476
828
3682
680
7367
4177
6662
150
5825
9182
6637
4246
3034
2682
4516
7952
230
1136
5728
8084
2874
359
8321
6760
7513
4443
613
7035
3306
5904
9252
7626
3471
4833
7772
8183
5967
7603
7616
6076
7469
9948
1502
6611
8617
3620
5937
9071
6627
3082
7319
8989
5734
8926
3994
353
1937
1965
1491
2871
8091
5750
8970
6543
3589
4094
8053
1647
8270
2484
2104
8564
6374
4406
6092
9942
5149
93
4043
2804
5699
7840
8419
7843
213
868
7785
6973
6178
849
7317
1079
4639
1585
4484
2283
7574
5113
9596
4538
437
2113
9406
557
5947
3867
3517
4420
3801
2094
6683
2840
2380
2140
3719
244
1173
2152
6253
1177
6065
2807
1836
2803
5532
8729
4977
9448
3137
9507
4542
3144
9132
761
4401
2705
808
8089
9740
2688
735
6475
5696
416
9833
5132
5021
9133
4362
7444
3418
3148
7954
8267
529
2236
5369
3737
7514
6747
6742
1027
3864
1956
7399
9627
8982
5854
3231
5836
8601
9753
1727
7915
8572
9025
1063
8809
4172
7335
2535
8513
5586
3297
7002
2313
1935
3085
3538
6009
7793
9295
2425
2568
1515
8452
4102
7631
3220
165
6519
8158
7667
6863
4789
8826
5494
6252
1842
7827
21
9658
4182
2865
2917
6734
8411
3916
4304
9177
9994
5568
700
3270
2899
1662
9727
5892
8029
1194
8568
5723
652
4555
3685
3530
2892
9255
2160
7036
4154
6084
7806
5752
5628
2463
8566
4366
395
9475
7857
7556
2131
7976
8519
317
6001
1270
4270
8294
6723
1632
3591
6151
4135
7884
8889
3863
7191
481
1331
4054
8307
662
145
9341
7921
971
4702
1088
9180
3298
3880
8314
6953
8189
5604
8232
6088
5118
9496
6223
3451
3472
6030
1460
5318
1396
5013
6200
6023
3696
3922
304
8167
847
8046
870
2735
6317
3923
5333
1315
9431
8902
2188
7059
1866
781
458
9381
9470
6459
8434
3881
1992
530
1142
4099
6794
2921
4947
3540
8819
2710
5915
6487
3239
2681
8335
408
7018
4517
3229
8368
6321
5219
4018
4005
2424
8531
5675
3376
7088
246
4874
4378
7925
3393
1952
9178
3661
2514
6122
8200
8612
4114
8880
7632
5439
4905
8370
3226
4799
7364
6120
9573
6419
8614
8709
154
7058
803
164
5064
3217
1584
1182
316
3313
3697
351
3669
6641
6632
9811
3256
9636
488
6205
8544
1040
7228
1260
573
3440
7206
5694
2266
8014
2238
6221
9360
3475
3816
8878
2677
4685
7383
1012
1789
1867
339
5639
4612
4798
2492
7409
6405
2089
7305
2495
4013
5875
5673
7078
3679
4783
8292
837
5028
2261
954
144
7042
1522
7467
8417
8253
8661
6560
5519
5377
2757
4237
1850
3947
1559
312
6048
5913
3812
8998
7567
2109
224
3008
9169
8360
8043
1731
1235
6566
7094
6504
4151
7784
9340
4805
9082
8757
6950
6943
4572
1565
3447
8213
7006
4634
731
4187
1739
5025
9186
2517
8222
2228
4584
4074
2139
143
1066
5889
5194
7547
6579
8390
4765
2614
2288
1869
9380
1945
7533
7718
8679
6879
9469
5821
4020
4092
5682
6927
3862
7127
1419
6281
7970
2314
4412
9690
2519
1287
8806
5370
6626
6184
506
2578
6673
8803
7661
7070
4521
6267
2344
6006
8344
8764
7177
291
1987
8265
2524
6500
5163
1264
6846
8313
8281
944
5063
1338
6219
128
6329
7826
2025
5900
19
3541
5035
1147
5894
3421
9648
3843
2067
9126
1255
398
2747
3007
5867
2527
9041
9894
1552
5922
3394
97
7117
8202
163
3700
9110
2617
2566
1537
758
3022
1299
4007
9602
3891
4451
9478
7985
4819
1211
7325
9043
619
7875
3274
5307
4131
3534
7005
5832
2872
1787
906
9328
9836
2656
1623
3625
6344
6935
1014
9456
378
8423
5541
4956
9724
5633
5956
972
1158
3285
2963
6289
6982
5658
5655
7768
5609
9531
4122
6202
4894
1329
1512
9901
5515
9663
7987
690
670
2674
8671
8796
3523
6784
8098
8821
9138
491
3350
6360
3896
5756
1581
4891
381
2371
4341
5123
1607
6801
8311
4656
9543
8174
2432
5417
3718
2997
9190
9205
6207
5744
6378
5630
3652
2295
7825
3363
1501
9886
3910
1736
5424
320
9592
6841
6255
2060
3897
6353
8973
2846
8379
5886
4311
7758
4827
267
6793
5719
173
3660
6062
2637
9409
3919
5248
9610
6308
8464
1465
1615
4570
2815
6775
4293
9873
4863
8243
9387
7947
4189
3235
5599
4130
8740
5067
9487
6523
8677
3841
4717
5822
6483
9954
5478
7757
3281
4476
3799
3748
483
6082
783
7890
5005
3092
1813
2724
6955
846
673
9468
3935
7745
4091
8426
9800
6791
31
9552
3319
4063
7727
9693
7883
8140
4146
2649
6913
7871
3151
3802
9935
6914
697
6174
3597
9358
7267
6455
5697
4613
4481
8697
2770
2687
3678
1490
2125
7686
9530
5087
323
1782
1483
8337
8128
2456
7588
9050
3333
4197
4478
5262
4430
6696
1252
2811
9365
1354
4502
7502
6682
691
1154
7239
7922
1802
7923
5687
8064
9211
1925
9812
1276
8600
9776
7643
2253
8252
2191
4519
4134
3396
5518
9721
2297
2259
207
4792
754
3505
2419
9046
8191
5564
7805
113
6820
6571
4170
8147
8721
6228
8861
2927
9056
8175
7027
1929
269
8185
7312
2980
7456
5305
3224
2841
5299
3240
8290
9588
2450
8408
4238
7830
58
8286
8328
8192
4492
4665
5313
6256
1478
7351
736
2458
3059
5117
4165
661
2629
485
1982
7649
3177
6966
7116
9113
8214
4379
9159
7523
8891
2101
800
1175
5503
6495
1698
1507
5877
397
6278
6233
3822
2117
2925
9915
5613
6229
1132
6788
4045
3553
7375
7490
959
4577
6957
8157
8324
943
96
4713
9791
8023
2148
1310
2031
7863
5777
6251
642
1459
520
5143
7231
6883
873
3869
9718
6260
7946
5411
2739
6572
548
6271
5996
7836
4217
9612
6647
3752
5896
5526
4156
3074
5146
3139
8177
1819
9373
4770
5612
2284
3243
4418
6776
8148
4687
9366
8028
1594
2593
641
6753
2173
5239
539
1790
4219
4686
2166
301
2598
7080
7878
6732
2948
6809
7416
4419
5012
7877
5663
7994
7623
6356
7236
555
4026
7755
5940
6492
8535
9553
1057
3702
6188
703
6858
9087
6152
6530
1362
4683
3458
4241
3995
4166
6104
7396
4233
4834
7669
7155
4116
2534
1099
1933
4551
1084
4004
3408
6896
6144
1187
8381
9785
5924
7898
7297
2554
1859
2087
7621
1271
4650
4998
9946
9293
9345
8994
8304
6898
8885
5768
3655
6285
5006
1873
2478
3304
2973
5974
4949
7800
743
5715
7077
3381
6498
1722
4016
5423
6954
4417
5438
6385
3021
9642
2142
1803
2201
6451
8622
3610
975
2262
2982
4561
5644
7882
2299
7234
3754
6055
4647
1176
8981
3011
3356
8357
8477
5342
6527
2957
5040
2352
6989
8866
7162
9993
1991
1534
4964
8530
5841
8812
1047
7209
8780
2204
2896
4797
6125
6834
7105
3260
4125
4032
701
3424
8442
6274
3263
9201
8923
1518
17
3899
9166
9844
9076
7478
1313
2467
2006
4871
1042
5304
4373
9032
4758
2179
3729
5838
5481
4136
6213
9917
4208
6602
4330
6408
281
9913
16
428
914
7038
2919
3294
3466
5376
9587
4609
4011
6702
6904
3612
4698
8799
1406
7681
3830
6712
5575
4335
9981
9192
6338
6802
3849
9704
1304
3578
6051
346
7240
5739
9163
7653
3924
8666
8640
4608
9199
4807
7543
9634
9522
6127
4414
5951
7895
5769
6172
4589
7287
7659
4720
9591
3149
5747
1006
6131
910
3602
3794
6262
6216
7093
9675
9161
420
3984
34
2488
8771
5397
303
5095
6548
9007
741
5450
480
2112
3751
3800
9830
5271
4243
2116
4333
4176
4390
750
1198
7188
3004
2105
3399
8781
6297
1723
1897
4853
8559
3268
7100
8072
7471
1471
1541
9820
7684
1874
1635
947
8318
7975
1735
4539
8811
5007
9339
9889
3835
823
5212
3413
2134
6536
6015
3068
3135
1977
8280
7499
1779
5178
1913
6669
6908
7406
3908
3590
3377
2429
664
9232
8707
9730
1855
211
616
2886
4791
5181
370
459
1608
7798
523
9223
9184
4394
6361
2482
7738
8006
6371
610
8083
2873
5859
7445
9494
5680
8295
1943
9781
2889
5350
4351
8019
785
3909
4372
2615
8099
9700
249
7753
1800
3680
3785
2127
8287
7760
5275
8972
757
438
5959
4393
8374
1164
4708
6303
5847
7318
8586
2646
8220
2912
7972
5379
6562
7284
2375
2737
8002
2686
47
4439
3049
7359
7629
6577
3732
1861
5550
5579
9933
9980
5002
8957
2223
7957
1093
4268
6414
6974
6116
5270
5206
3818
7401
7751
8457
6358
1
2150
3894
2608
1636
2409
6224
4970
525
7624
9208
4703
6761
1248
6945
6163
6964
3120
4746
1716
4344
3750
3196
7349
48
3486
851
1634
4532
2836
9865
9923
8326
9000
5678
8097
4940
393
187
415
1327
2126
3158
4782
533
5809
2224
2894
2120
7583
3583
6423
2850
6592
7161
6865
8528
3593
5124
7407
5362
2055
5714
7324
7142
6269
7833
8410
6024
5563
236
2235
970
313
6539
7903
4815
1768
8365
3979
3028
175
5112
4014
4974
5337
2655
8397
4557
1407
40
5790
1681
8630
8399
9160
6716
64
9945
9966
4730
9949
9565
4910
1167
104
7967
7353
7934
8896
7048
8103
8696
4262
499
3290
1767
9330
9817
5034
3460
8017
7186
2392
2753
239
9100
23
6367
30
775
3342
3716
4659
5341
9671
8805
7799
3035
4670
4440
6236
614
2327
5818
6328
1830
1596
3062
4636
5908
1846
2776
7047
4773
6842
2202
4531
6544
8296
7064
1844
7852
867
8791
8719
1134
1352
2246
6886
1105
4952
4337
5647
1230
7899
7389
176
4822
9124
9920
9024
424
5919
376
2319
4504
8664
3998
2802
1285
5634
5962
6806
5907
7208
3091
9336
8744
8472
5378
1008
819
5623
8184
1695
2696
978
189
9896
8665
5749
7154
2916
7477
4391
1180
7246
9308
3639
8510
2552
5140
645
4300
5554
9767
6616
5525
3402
7809
592
9219
5461
279
1614
2334
9385
7700
4290
2862
8772
8927
4211
3057
7153
2066
3212
4204
8151
7619
740
6996
1343
3176
3711
9155
1895
7301
7709
3132
3431
4750
885
2218
5649
410
7288
6190
857
4000
8440
8359
3512
8582
8279
2613
627
5321
8490
188
5394
1480
8489
9757
1000
4160
5551
3765
2257
6511
2255
2058
1138
9521
8398
7211
8977
8598
4545
8595
7589
5254
9109
791
6261
5365
5955
1590
426
2271
2234
6817
4804
7025
4382
2263
1728
7151
7178
6406
6052
676
7356
1755
4877
8634
1249
5491
5129
7055
8589
8170
6056
3536
6619
6053
1898
5817
9013
65
3837
940
4179
9257
1924
527
1865
432
3359
9189
334
7481
1126
4737
2015
6657
7813
6025
3189
9236
386
587
7930
9523
2694
86
8654
2856
2
4841
349
7275
6569
6485
6958
6971
8716
68
1326
9070
3878
3200
6421
7081
3488
1934
5409
4552
3202
5237
2336
562
551
7534
3222
8169
810
7908
7783
2039
1498
8093
8172
7205
3509
4356
6426
8137
8783
8218
5638
4322
1759
8481
4694
8754
1995
8953
1220
1770
4471
1492
2712
4898
6588
401
9089
5849
2626
5887
5406
3809
2485
2671
3828
8038
6633
4701
7029
4857
928
5918
9614
8663
8353
7174
308
6277
519
3372
7614
8458
1548
8478
8036
4285
5547
3967
2993
8120
3555
8230
1223
8242
1316
3544
2781
8587
8834
2657
1711
8646
6315
3695
6501
9006
4969
8050
1847
9484
8201
9230
197
8584
689
9969
3944
6676
9869
433
3628
5131
6597
4614
2972
7505
3507
6642
3941
1357
6663
115
634
2256
1562
2306
9883
8463
2001
2547
8277
2285
6590
2796
601
9322
63
1959
20
3015
2413
3112
9608
5615
8057
5683
2965
8935
9140
2250
6450
4823
9362
786
7732
7126
5874
210
7266
3387
4450
3044
2784
7689
76
314
4921
9926
2391
4221
658
2143
1065
4743
8838
3040
9485
9582
120
9732
8496
9928
4909
153
2043
742
5047
7102
4090
767
9861
2951
861
3550
6649
7095
9377
290
357
8692
9631
6452
7560
2542
5010
4888
4594
8026
5882
3911
6349
3774
4603
3403
1633
3545
7247
9403
7719
5475
5674
9595
1119
1021
2915
4467
2384
7949
4199
651
4466
991
2471
178
49
3912
7104
7494
7410
2545
5399
139
5310
1549
7484
8300
1975
2930
8013
2880
9888
6396
2668
4887
3207
1625
1949
257
3000
7028
1896
3546
582
1378
675
3392
9346
8904
3804
2237
2789
2151
4727
513
9645
1545
8857
4912
2903
6314
8828
9854
7723
8034
2664
42
1303
1481
1781
4188
8226
7215
9465
9224
5513
2483
3164
4081
442
7962
6750
7936
8886
5144
2321
7084
1678
2829
6061
2625
2954
9284
2797
9291
5125
4733
6650
9243
2697
479
5463
5537
2800
3836
5209
7414
10
9653
3037
1389
2272
7625
4331
9098
8003
5509
3877
2882
7932
7291
4396
8963
1387
7896
1940
2128
9692
4661
5490
1160
7856
9772
6287
3497
3058
5784
5944
3825
8944
3443
3414
99
2988
9158
2423
4907
8577
6364
9270
8700
6780
5429
6140
1455
7620
4446
1118
6516
1994
5506
5358
2282
4395
6101
5548
292
5245
7636
9127
9057
1131
8393
9128
9375
1098
1474
8574
8844
9726
5009
9493
2763
7848
5807
9176
8750
8235
2758
8976
155
2970
6827
3761
4261
7662
1054
3673
7354
5897
6240
4276
3482
9364
4079
2556
2702
5404
8854
1488
3529
7091
3465
6694
9334
344
5261
7344
1335
4861
2573
5427
90
8375
3795
1587
9466
6812
8051
2728
5969
8814
5578
6445
2956
4879
6755
8312
1070
3094
6605
1639
8942
3445
3993
6311
4157
3174
3692
5458
963
4258
9620
2512
9235
599
5502
1290
8454
4042
3817
7216
3615
4595
5891
9451
2308
7434
3409
1725
3195
8984
502
1966
8800
5115
8627
9891
5246
3203
1764
2356
2322
9967
6774
4510
1013
4085
7296
5601
5148
225
4993
8181
3487
6654
2515
356
1612
798
7693
5893
5559
3210
4448
8509
2950
8364
1791
2114
9441
9054
8404
2858
8997
9770
7115
3489
2378
8837
8608
2891
4033
3444
2211
5432
180
8420
7914
4459
7672
8573
6941
8876
7642
1017
9506
1189
3182
6436
6270
8609
5545
4196
2290
9145
6726
5099
6535
363
8208
1628
463
5116
9562
1529
340
6100
9590
2157
2977
9916
5066
1314
5395
5595
4527
2249
1941
1747
9348
445
8063
3978
1139
5861
9661
9048
5622
2595
1403
5334
1618
6835
5505
5097
8331
2168
973
7244
4180
956
6428
7602
2447
3478
3114
1301
8001
7594
8651
5301
5263
9065
2591
7651
2170
3374
4381
9932
4716
9135
9392
6845
389
251
8785
1085
3635
1788
7645
6007
6826
1829
5829
6538
7509
3186
3159
9422
9971
3681
6933
9837
8494
5295
4438
7694
8759
9278
6703
1516
3982
7576
7844
7717
4421
8571
5311
3152
3943
1129
4288
1569
6701
5835
8000
8008
4205
728
1909
6194
1470
6864
532
1074
3412
9434
8009
6004
7763
3455
4383
1749
1511
4051
507
3632
3605
5862
5135
1513
3645
7441
1564
9953
6170
9142
1718
2097
9411
9338
3961
4524
1353
4080
124
9421
4885
1200
243
7542
8557
7951
2027
7859
2639
7982
8104
515
2986
8247
4279
9959
554
7443
1432
2339
6852
6655
4416
8988
4169
7053
6556
2509
933
4678
8037
6893
9825
4667
1811
1238
583
4398
3938
1906
1380
8594
1337
366
8135
9806
618
8731
8833
5985
9722
2845
2147
4329
4624
7030
3211
32
845
1532
4369
2340
8840
4979
1996
2849
2698
3367
1927
7771
5387
6107
9912
2156
3650
1219
3378
987
9283
4662
8657
5653
2210
5501
1870
7020
8325
3769
2752
7510
7916
9952
3018
4126
5421
2455
3076
1125
2062
6528
7735
450
3973
9147
6854
6437
5130
5772
422
7109
372
8386
2405
2751
833
6089
4590
8275
2355
503
7716
8580
5403
8673
8085
1970
7420
2788
6638
5133
3959
5785
2582
2600
7143
5929
8915
6036
9759
6648
6936
1833
6956
2287
3300
4838
6888
8852
2589
4441
517
7146
4548
2309
6541
7892
9921
5171
8260
4980
1410
3321
8206
3565
5873
6474
1528
3705
4935
7437
9445
1665
7474
8087
4168
918
1997
454
5906
5866
7679
4108
9769
2079
8914
3913
273
8130
7237
6434
8415
2430
3587
3026
7433
8964
1095
4923
3252
4303
5316
4900
3736
7695
889
6460
8956
505
1284
7294
3630
8884
2665
5895
2034
3693
7302
2847
3987
7180
5204
986
4475
7893
8820
8228
6248
6687
8066
4387
4847
1267
5720
3425
8591
2932
3178
1231
9876
7147
5186
4615
2426
4109
6118
6765
3244
9556
417
3506
8110
1527
722
5995
1265
3123
9863
6366
4642
4862
9061
3156
3842
4336
6462
8115
5422
9173
9059
606
4712
1046
4658
7769
4065
4508
7688
9332
8139
6173
5868
7261
1369
946
7940
3353
6275
3286
542
2195
1918
8940
1834
3689
72
4145
8999
2823
6290
8787
3519
2473
2063
5352
7060
4480
2683
1293
4489
2826
4806
1797
7586
9077
8245
6781
5876
6529
9216
6410
6894
4985
5367
4359
2010
2146
9643
4972
2672
9746
179
4564
3714
8954
8367
7156
4724
8807
7664
4843
6844
3976
7480
1015
1089
4289
1508
1413
2490
1404
5195
8746
158
5173
5898
3675
8739
3874
9892
2822
787
9712
7250
8443
5185
6000
8847
4343
409
2812
5004
5641
7179
8461
3398
3371
4786
1882
3215
773
2030
2412
8030
4622
3886
1038
8131
1414
4666
1496
7345
6735
1122
8898
3179
871
1123
9713
3889
9492
1005
8142
9020
7931
7699
1510
2032
3199
9925
577
4426
2395
9391
3893
7125
1599
2979
8293
2666
9234
512
3968
1658
9874
4496
7210
6591
2294
1426
544
2819
7850
1971
3077
3416
404
8433
5981
2609
5546
5136
3283
2635
5521
5542
8853
4695
7271
4361
4744
5484
5290
1186
3051
7108
6393
4591
6963
536
1493
6124
3617
7276
9369
4955
9435
5215
9987
3636
284
5161
1363
7736
9374
373
4578
4845
6931
4671
2387
7742
6930
7913
4129
6513
3516
3918
6372
659
8710
5504
1903
5722
875
8736
9571
2708
8078
1877
6646
3683
4355
52
9538
1973
5016
9023
797
8488
8690
2778
1257
8124
6189
4428
6704
2795
2964
3494
671
597
289
117
1022
4487
6382
406
6631
2594
6559
6168
5419
9685
6439
8012
1785
5963
6145
8991
193
9004
6210
2516
5990
2981
1439
2933
1114
5534
4452
2497
8626
2260
2243
1810
8196
4978
8402
9354
7561
2910
7606
8272
2616
2196
3452
1713
4973
1068
1503
3592
856
3477
7374
1449
4174
345
707
3017
5454
3708
7164
7120
4645
7074
1757
748
2769
6986
3813
1224
8163
3305
214
5998
4866
1254
5349
3694
3895
3626
7540
2546
2504
6147
198
8377
272
5999
6514
6447
6243
5975
8832
3549
3999
1280
4641
1346
8018
1858
328
4345
5400
8883
9274
6508
8540
693
7138
6901
3332
2887
7166
872
5279
1340
4155
4764
1908
157
2983
2701
8971
4868
4433
7119
2434
7483
924
1624
7123
6670
1422
4565
6232
3369
8715
4525
7644
3533
1598
2825
3580
6992
9542
1801
7004
1818
6453
184
3525
2570
4232
2005
5332
9603
4566
9695
5302
5041
993
141
3552
5273
4088
1754
9045
6021
8056
1272
2411
1578
9814
5597
6242
4423
1912
9382
5175
172
4696
1210
4212
9131
9893
6081
9415
8539
8431
6424
2464
5803
9918
957
3250
912
1390
9625
1756
487
5530
9775
1673
7086
6192
1204
1130
1893
8495
7615
4244
7382
6873
8792
979
5216
7796
3279
5473
3253
915
9705
4680
1045
9217
362
3668
725
8613
5189
7817
1135
6446
9440
3258
5255
7493
4273
5493
6028
8186
9239
3380
2855
7242
3125
6578
8178
1029
9668
1450
7258
7331
521
2808
2777
894
7192
8436
6032
5155
8340
7429
8770
1839
3760
7741
4249
1675
724
2477
8765
6805
1302
2745
6110
5056
3527
6482
7460
8890
4968
5371
888
7730
6881
1153
4692
1550
3766
2004
4269
3575
7253
2086
4442
8164
9679
5669
4352
8268
5142
8722
9601
9931
560
2838
2529
4932
2269
8376
3954
6499
2076
9352
5994
255
3780
8473
8263
9134
5879
7786
7663
4693
774
1854
3730
5659
9975
7811
2716
6567
1979
9940
576
7308
6785
1151
6762
666
371
8779
2586
4610
5686
4585
8190
1384
6193
248
3404
518
2046
1155
1148
7708
6674
1036
1601
3598
4040
9567
766
5372
6598
628
4097
5291
4867
98
103
2852
8094
1621
8567
2828
5375
509
1661
4902
3157
6330
762
5971
5282
8597
6394
5775
5227
5180
3389
9401
5735
7254
4699
2418
4546
1150
5860
7683
729
8523
9774
4652
1500
9936
84
3141
3493
799
1116
2976
9090
6778
2848
6593
2523
278
2978
5448
9167
2069
9444
6900
8291
9393
8020
4266
6620
3937
1988
7802
2028
1694
3368
6997
5071
8931
9741
2996
6003
4677
6869
2931
1152
1291
1197
2373
7052
961
9683
2226
4500
4164
5670
6341
4374
7024
2198
3411
8107
8517
9473
6016
9529
842
6680
8076
4305
807
549
7458
1395
7577
1240
3060
5693
9632
5966
3036
3852
9910
2926
832
5288
850
1234
1520
9259
3848
6186
5339
6537
1557
6114
3090
6457
4191
977
9038
1576
7391
456
7551
7630
3128
4053
8049
8763
6183
354
6141
9372
8372
3787
3070
7600
1222
7537
4139
937
6158
9944
8182
5982
9534
232
1278
5065
8487
9337
7453
802
984
8188
3065
2213
1666
9743
8758
631
4402
8720
5298
904
3504
6589
379
2667
5890
7069
7342
4934
9344
8274
9262
6347
7823
94
591
385
8195
6137
6169
7282
2750
5086
2175
3740
1300
5643
7341
1019
8362
9036
1703
7283
28
7072
3846
1907
5791
9719
6576
8111
2200
6181
684
7731
1032
8497
6510
7999
7692
1185
9864
9789
2732
967
5523
6246
7181
777
5386
1717
5241
5308
6910
929
8264
7680
233
1317
5169
1835
8900
4252
7101
1536
8141
793
9870
1438
7041
7668
3303
5251
9525
8909
6010
8724
5788
6343
1239
8476
8470
7107
6480
5431
1355
3355
6798
6199
8874
9288
149
3928
4835
2366
6119
3890
1104
3020
6758
6628
2383
4776
7066
1637
1217
5507
2124
1831
5881
1838
5309
8534
1978
8323
7704
8077
9156
3188
3427
367
3366
7591
3434
9510
2835
2417
6884
1889
6060
2489
5572
9821
1016
4334
9768
1586
4768
8102
8846
7969
886
3915
3958
9429
3767
2783
6133
8985
4663
1960
7199
3759
6473
5303
1053
2713
5122
9824
3269
4754
9397
7512
5774
1919
5232
3180
1617
6918
6135
704
6600
9984
4611
7812
3858
2729
5452
6833
2457
8215
5327
3672
1582
9884
4933
4569
2206
2085
1451
3727
5539
2898
2611
9053
5905
7650
7911
4931
1616
9388
9576
4046
2281
6435
7865
5872
3513
3762
7457
9737
4365
2057
457
4149
5616
4264
2878
5444
8336
4190
6160
3621
960
1827
4711
9691
3287
8747
6843
5980
6939
5814
6875
3629
1188
7590
1742
4522
6339
3542
9394
1184
5736
4880
566
4200
4775
6468
3328
2528
9664
2242
3438
326
2102
3942
1714
7598
2454
5740
3221
3561
3248
3338
5632
7492
5329
3594
6988
259
8704
5277
8689
9153
8628
5057
7832
8604
919
826
107
4718
1181
1571
9310
1420
8607
129
1821
2220
3735
478
9327
3568
7262
7306
1521
6348
696
4250
2172
6975
2631
253
5888
9676
5621
7706
5324
3642
18
1595
9093
1928
2193
8484
2958
6129
6102
9818
4793
4897
3526
6800
7541
9265
369
3419
3810
663
9286
4571
9095
6038
6449
9799
4549
6737
6128
5801
4458
3130
430
6828
6011
9480
9672
2936
2989
1055
2053
3851
3499
7204
3606
2369
8471
1312
6307
9914
440
2132
3360
3209
2345
4580
4630
2459
4987
7941
1980
4573
7648
4001
4380
8543
7633
3214
8950
2360
3228
1783
321
688
6301
9417
1547
8502
6286
1832
9564
6622
3569
3531
3480
3206
794
8341
3072
6034
6352
3490
8959
9298
2292
9010
4432
8864
2521
9750
4498
8387
7403
9731
3931
4889
8171
429
7329
7531
1373
6601
717
669
8801
7281
8776
7861
1161
1308
2651
8210
9407
4057
237
4673
9084
4846
4222
4537
3213
9139
8305
7821
9323
6085
7548
692
7152
881
3105
524
3491
4690
229
5446
7397
4852
5553
1368
1242
9202
5085
9616
7435
3903
4106
2472
1794
6902
2496
7097
9275
8119
4034
8096
6874
6610
9370
5157
6860
6515
5014
2905
5325
1002
4089
7887
3776
3883
3223
325
5902
8711
6471
3884
5460
4058
8631
6506
8616
5238
1385
7321
3885
976
7304
3163
1686
3929
2494
3347
5581
3603
6336
4309
1880
2543
3124
2564
9878
266
5695
3921
7528
951
9272
2088
135
9096
4700
8405
9707
498
5827
4319
4558
504
9735
7033
3375
7983
7868
9116
8217
2563
6264
4957
1923
1171
2969
7320
7984
5910
8647
6012
843
1356
8179
8743
6952
1815
6951
7924
203
9277
9674
4553
8546
486
9698
636
7639
9662
5023
7611
228
6907
2717
7584
6906
8347
8855
1482
1733
9646
2462
6399
9881
8863
9723
8058
4220
5813
9659
2203
403
4107
7749
9748
2491
3012
2532
5470
3784
4483
5582
8645
8699
897
7454
864
6607
8726
8536
4723
2138
9157
4254
5466
6026
1638
3996
3364
7557
8343
8881
3641
1048
879
8798
5287
2590
9680
5932
6818
6777
493
2833
8712
9193
3666
9074
9798
4095
1917
6932
6679
8752
1957
6518
6581
5172
8996
500
2720
5993
7524
3495
8675
3449
8394
3907
8505
7289
2782
5229
1009
630
377
2442
8033
4389
8753
1221
1828
6478
299
9212
2397
2920
2068
7167
7816
9227
2525
6064
2098
6725
2648
1806
9442
4050
9266
3547
3382
9557
9515
7194
8074
9247
101
5917
6029
9455
3845
4461
4881
5933
6175
3712
9930
2518
1427
5645
5266
1179
8553
9887
8160
3335
1683
151
8248
9518
2011
7337
14
9681
5457
1887
4628
3102
4084
753
898
3277
6266
7687
4842
4399
7054
1028
2619
7851
7726
4753
7491
9879
9191
7804
9686
838
4627
387
2959
3715
5533
7677
3892
2052
282
6316
4072
2994
119
8424
5789
7417
2420
4031
3859
3352
5361
2115
9488
4941
8069
9355
3838
907
9739
1203
7507
2934
2692
9225
8319
5320
4930
9574
1376
3126
4640
1862
9511
715
7392
5050
1341
565
5001
1372
6540
5467
9999
8680
1947
4534
9476
6686
1081
3613
5796
3033
8456
5703
2693
7807
1953
5250
9802
6433
4148
7394
6613
8875
8392
5351
3790
4411
8545
8045
1469
5272
7045
4173
9766
5629
5843
3001
4664
8561
6245
1671
118
9042
916
3634
1577
1653
3423
3230
8659
633
2061
9924
1463
7141
2331
452
9964
9405
8244
9528
7315
4248
4660
8448
4942
7290
6929
3042
6235
5202
5857
9462
1958
3775
2761
8401
9937
9500
4593
3882
80
5656
7455
5584
9249
5960
202
9120
3106
394
219
2393
1486
5496
6849
7390
6917
8749
8055
9866
8021
942
7470
2633
4183
8166
7171
8351
1041
7707
9073
9537
6454
8756
6565
8542
2189
7612
860
2024
1748
1642
3481
2787
6965
5347
8605
6282
8193
3296
7452
2300
5806
3087
9433
2305
5217
6
4844
6922
8278
1931
586
866
102
2890
183
3741
5285
1823
9847
2507
588
6231
3948
2759
6584
7340
1760
5681
7438
621
6166
2584
6977
3422
4653
7797
6587
6312
8912
7997
2719
8650
336
2325
9165
2208
7504
531
1281
492
8903
6911
9619
9181
955
2090
5837
6710
7150
7451
2106
3792
6819
5488
3850
4291
9439
206
9091
1072
9758
8459
7365
2093
6766
3295
8870
4916
7637
4760
3079
3951
6132
6968
6280
1721
6273
5456
8905
4832
8734
1708
8269
3249
1572
3050
5193
9858
6042
5617
3464
6714
2791
7754
5510
6155
8968
5338
9279
8529
9629
1018
7393
1328
6296
2530
5252
6463
43
5345
9657
7532
5119
5094
6179
25
1902
4463
7752
528
535
9069
7944
5420
9389
844
8938
3171
8303
9213
5958
4684
1294
5096
1894
4849
1174
9164
887
9400
4497
1664
714
1258
2040
5846
2077
580
2756
617
4357
4403
8551
109
4514
3119
6359
1519
3722
8445
7408
1704
3361
1620
7778
1305
9214
9105
5003
280
1437
9717
2577
5026
3560
727
8117
4582
2137
7062
6756
985
1453
8041
7280
5445
6668
1769
9569
2805
7252
1808
8656
8444
9482
4906
7089
4260
1920
8562
9756
3500
5970
5576
7578
5077
3986
8862
8782
4039
3257
4278
6652
6234
7082
8004
745
2642
1684
2317
3950
1555
1034
8581
2583
1799
8893
3336
391
5781
5556
2502
5353
789
6770
5717
497
1843
9805
9
3955
4788
4669
4592
1397
3779
2723
3925
148
4837
470
4769
2809
6522
1348
5152
6146
5330
1360
9962
1251
8967
2302
2893
8939
7316
5761
7136
2065
4953
4486
1296
9682
9188
2945
7273
4339
6635
1319
1640
7464
100
7333
2014
8298
6458
602
9778
1421
5941
8583
2676
8745
4895
1059
5973
3205
4901
2435
4294
1400
7046
6999
4298
9504
3670
1364
5355
6689
1724
5500
1914
2103
5823
5590
6700
7476
4946
5712
341
8254
9215
9965
9123
6799
4697
7223
4055
6659
5786
2860
2767
8486
4128
3145
209
9956
9447
3348
4310
6920
6041
1247
1669
1921
8512
5713
590
421
8830
7943
1010
134
1809
4587
1793
2479
3646
8209
3764
9983
3807
5780
9744
1003
1792
4367
4749
9125
6019
7130
4185
2167
8733
8462
477
751
3599
9162
9144
3658
9919
5402
4840
473
1526
2129
8315
6521
2000
8054
9803
2029
9229
5081
8548
307
9080
4263
1600
4917
5591
1570
69
4606
6159
7498
1440
723
7928
7712
2971
3556
8827
192
3066
5570
67
5471
5642
9859
5413
12
4597
3067
6512
8155
4375
2003
8850
2410
6488
6238
537
8482
6090
9882
6418
931
5811
1101
6618
7595
7634
8635
3236
262
6153
3400
6919
6134
4576
825
9414
7079
938
1611
4523
7427
294
2901
678
1475
7724
9539
6357
95
5776
6859
2342
9187
3063
6878
5401
2699
7272
3204
6972
2298
6880
8993
6198
8735
3808
5240
133
6148
6531
624
2645
5709
2367
9793
883
1938
4790
2929
6070
4864
3232
8538
9316
4477
4965
687
5737
2396
2041
8262
8430
1137
6772
1370
6795
4883
9503
1144
8797
6748
3185
315
3690
3840
8558
2145
1751
1682
1149
7853
3585
9148
5436
7424
413
7346
8718
5779
3651
2744
5543
2267
8332
8829
1884
7937
3080
1051
4944
1603
5701
3439
6751
6967
9026
5385
6456
827
4777
7764
6688
7912
8358
6645
8788
8872
2141
7526
1984
8714
9577
3665
2709
9551
6870
5082
3117
7076
8203
4491
5657
5293
2161
6105
830
3456
698
9633
7031
7448
958
1740
5527
7628
4816
2592
1761
2357
5414
5134
5328
6484
2293
1888
3474
6707
5373
5684
1551
4526
191
2505
5794
7124
146
4575
3566
375
8059
4012
5598
1886
3562
9765
9040
7488
2232
9855
874
7090
3331
6411
2900
6486
5815
4437
1911
880
895
6250
927
7106
7026
1100
2897
1233
5258
7938
288
5062
3327
9599
3107
9545
2883
2051
3733
2239
7423
6699
3317
1872
7587
6961
3609
7322
9829
1209
3518
6507
6425
9890
2764
2038
7516
1043
3109
8400
756
7169
9955
2718
55
5027
543
3586
6731
5218
4629
7479
7260
9764
556
6429
7977
1535
668
6829
5883
7905
5742
9384
3388
496
132
1524
5745
6272
2879
1784
6617
5472
3272
2662
8447
9103
2831
7347
5804
2654
7901
2806
9280
8980
6551
8549
7880
4315
5625
950
7993
7656
1060
3962
5070
6940
222
7468
7622
7847
1430
7740
261
1677
5011
9606
5536
9667
234
999
6764
8810
2400
1659
7264
1295
8693
8199
7794
1143
5037
8918
5869
8795
9586
8579
545
3435
6698
824
4061
3330
7822
4714
4830
5729
3758
8652
9970
7756
6887
77
3805
2209
1011
2374
3009
1350
5289
108
9031
7702
4025
2388
6069
3111
4275
4485
2316
4983
7869
2558
8123
8299
51
8877
3225
2216
4951
9517
5668
853
7963
287
4299
4493
4468
4320
9652
8925
9499
3543
364
7039
2541
6476
4404
3865
2385
388
709
1745
9895
7518
9088
4030
4318
8887
5672
9067
9998
6086
6502
6948
474
6033
7163
6139
5234
9559
8035
7001
4884
1505
5079
6387
6365
7197
9922
7854
5977
5322
8297
2023
7782
7475
2389
276
6546
7413
3019
5783
8922
9982
2779
9929
5839
2557
3201
9471
1626
3707
50
8301
2727
4142
5453
4150
4234
3334
6195
8660
7217
772
1613
6831
2868
589
6596
710
1077
6947
7582
9581
1044
5751
7122
5046
490
361
9092
5388
9207
5426
2944
7842
5267
4325
1746
9115
2785
7545
9689
434
5730
653
1102
4175
5514
2851
2036
8906
9009
3047
5721
5059
2358
5495
7979
711
6444
1645
647
2347
9307
4153
5968
5443
8525
3045
4207
9520
6672
3844
7037
2559
9152
2967
9443
5044
3757
4691
755
8816
471
7009
2947
2569
8995
7203
2670
9950
7440
3798
2326
8389
9021
5078
3723
679
7641
2498
3024
4192
8682
4644
3742
726
8414
6037
7173
1597
5083
7071
5828
5089
4778
3014
7831
6335
5528
3441
7257
855
4601
6509
3832
5620
3308
965
1425
3216
9063
9196
4277
7926
8670
5
1690
6921
6094
9548
9877
7386
4236
6603
2798
7814
3146
9260
7472
7334
5885
7522
7184
9903
5153
2176
6046
7043
9028
640
7343
8086
8373
6614
8560
1715
3659
3917
4060
4734
7981
2679
706
1609
609
2072
2390
9578
472
9706
9033
1777
166
7550
2291
2794
2403
6164
226
2444
8928
776
204
1990
4240
1691
8526
9752
7021
7810
6342
9708
6398
9905
2714
4920
8961
3977
6291
7298
4049
2638
3118
7190
6067
2278
2992
4332
3514
5242
4377
1454
8418
2768
7032
9017
2092
3307
8380
9282
7879
6318
4064
1904
7610
2045
2906
5106
8065
600
7808
6946
4178
461
8672
4848
5870
2585
4540
2343
579
5992
1514
4029
7376
637
939
4056
5808
8858
9297
1786
7201
1668
5269
3299
3046
3276
4384
264
4115
1604
2247
8741
8727
1602
4620
6684
6407
5354
6706
5048
227
1266
4140
3856
9827
926
8031
5382
1976
7722
9630
3725
7774
6002
4431
6807
2500
9029
6493
199
9246
6130
7219
5840
4038
6203
3312
2678
6332
5698
1672
5764
6412
8979
8027
1561
453
4103
4101
4041
2984
6942
4255
5884
8527
779
2913
2121
4117
1388
3952
5648
784
1323
494
7473
9151
4878
643
4602
3278
6768
3476
9185
7666
4967
1630
8533
1434
3349
1776
7617
2118
9427
7265
242
813
7411
2790
3584
8593
6380
6018
9519
8239
3340
5646
167
9749
9941
9001
3511
3796
4347
1244
2404
2275
6991
3104
5093
3656
708
9974
6759
3390
9594
9512
4919
5732
3957
5191
7618
2998
6639
5916
3853
1064
8485
2908
245
306
5689
4073
811
8165
455
1837
4465
1007
295
1431
9871
9560
6403
8552
4093
635
2966
8778
441
9203
9841
5792
1365
8611
8856
4794
7419
2685
6413
2766
852
812
5624
70
5294
8637
7202
9474
5676
4124
547
2225
7781
8975
1241
9106
9030
6533
5384
4784
6719
8929
4512
3558
466
3346
1950
2680
5314
3571
4997
1446
6416
444
8071
2536
5943
4436
9129
2486
3370
9703
7425
9453
8667
4338
3647
6891
8824
5167
6722
1225
156
6612
3410
3576
8867
6625
6295
8843
1405
6050
7121
4376
6171
2037
4235
8261
3772
7230
982
9899
365
4536
5464
5031
7465
9736
4506
3905
5396
9673
7300
3302
5848
1031
2248
2136
3266
4346
4006
2470
8786
2153
4890
5965
7828
2474
6294
2107
2328
7083
62
2690
2877
2361
1899
74
5084
3170
6872
6990
2839
7019
7906
9677
4118
3025
2579
1592
3219
5691
3345
953
9111
1292
2876
9423
3926
7935
7243
6494
8773
1165
7604
4626
7096
7675
9237
5038
216
2885
2597
2968
8588
4995
4083
8737
5088
3739
2448
4882
604
6534
2961
7056
6325
3055
7129
705
8839
8668
4171
7955
882
5725
1199
2012
8345
4780
1061
3155
8271
2561
4110
7248
3698
5631
5230
5281
4348
1961
3461
1679
3131
6383
5392
4599
2059
981
7950
1383
7330
1476
7885
4286
6983
6388
4307
5679
9408
5220
4975
8569
6634
8639
4755
7134
8162
6237
9311
3834
4308
8642
2733
5497
8306
3039
7845
4082
3496
9241
7112
9296
2520
6580
4239
5049
5092
6059
1172
9617
9728
1580
9263
3793
8648
7866
4003
6313
7710
2252
5850
5440
5508
1452
3875
8330
6984
4800
9809
9635
9957
5923
7439
6075
9992
6201
5076
2602
739
1447
1092
3165
3743
5331
7647
8644
1253
9696
5091
905
205
1983
4152
3731
6326
3314
4071
447
6319
6254
7233
4036
1128
8717
9505
448
3318
9566
815
9068
8322
5383
1023
3053
6322
484
1393
2414
8266
3920
2453
2834
3385
27
4062
2754
1080
6666
1342
4213
4851
1423
1429
7212
3557
2219
8728
4958
3048
88
8450
9838
1001
3627
9386
6211
8422
5964
3966
593
574
4739
4649
1985
4472
2007
4913
6993
6677
419
5618
1589
514
8309
1279
1269
3069
4996
7310
1322
123
5830
5156
7286
3136
8987
468
7015
7815
1766
8515
7627
3233
988
4035
7996
8599
8233
5051
2632
6373
816
713
7449
5459
4704
3095
6903
7834
1334
6113
4681
5724
82
6284
296
348
8391
2725
765
89
1087
9819
5763
1857
8784
350
8578
865
3940
4370
3089
1472
4856
8949
1227
1968
8946
4354
4943
5233
4247
3027
9367
8610
5208
7701
2064
8955
4349
8930
1706
2531
5296
581
7927
1075
1103
7767
8234
9626
5950
3783
3618
7366
3768
2854
3573
1157
7564
6247
2736
7657
5187
399
1379
7580
6767
60
8966
3644
4813
7652
649
1701
8619
1382
8412
4554
1391
6599
8901
2438
526
8504
672
8793
8469
1750
1657
699
1381
9395
7748
5055
1936
2323
194
1885
7665
4535
8655
2501
4469
5151
1163
9306
7711
6337
5214
168
7363
3854
2217
9489
3344
1533
3703
8105
8623
702
83
9804
2431
1619
4024
9428
53
4368
4872
3964
4265
4488
5127
3143
8684
657
5871
8703
877
6167
4954
7220
2647
7175
4410
1218
4028
1344
1487
3992
5398
7404
7245
4651
2928
2641
9044
2428
2660
6218
4193
5008
801
1212
6126
6257
4787
1676
390
9319
5760
903
3866
6057
4876
2421
6575
4301
8259
2108
9141
9258
8371
8882
4950
1709
9600
6557
9699
3662
8524
218
1178
6469
6497
8873
3401
3717
240
9687
8047
2078
4141
3753
6263
854
7897
6091
8257
283
6096
1113
7405
836
9206
9146
7995
4198
2842
4563
3325
9904
5032
2460
4314
2402
7714
2022
7529
1166
8516
3633
3654
2186
169
1719
8349
5580
2902
9839
3699
869
9398
2047
2480
2050
4740
6150
7697
6467
7787
3365
396
3963
7539
8005
2866
733
809
6661
1259
9034
4501
7888
922
7421
9458
7022
1097
8960
2304
9143
7008
6466
13
7773
8125
8432
9467
2446
9751
324
3756
4037
3906
6035
1443
962
2240
2604
6461
4076
8804
6503
540
7372
7867
411
1273
8437
9688
2513
7428
8815
3749
9907
7824
6226
8603
3023
8382
8790
6031
6350
1020
1962
186
3539
995
5566
8204
9536
9823
7581
1274
5852
8895
4826
7497
6206
3975
9302
2540
8113
3433
3676
1773
6440
54
9516
3420
3255
3469
5274
5033
1115
3096
5651
5797
558
7682
5455
9172
9130
5138
4253
4688
5036
3969
8507
6099
3289
9860
8695
309
3522
1848
3
3247
5945
57
6773
1277
4202
6043
9570
890
9669
5176
7402
4397
1073
9533
8936
6108
3010
6217
4824
510
8924
5600
6470
2268
1504
3310
4453
9150
7148
5451
4633
4048
8537
5105
1732
337
7855
3273
335
3208
7157
7327
7118
4215
256
5688
7292
8897
8658
4363
9725
1856
6208
5483
9289
2035
1807
3503
9733
8421
4747
4991
3169
2018
6697
3379
6142
6853
3855
4120
1004
4324
285
7379
4741
3154
778
310
2922
9867
9436
2810
5114
7113
2407
5914
8762
2857
9250
87
5137
6431
6489
6222
632
1307
8841
5052
130
5357
3467
2859
8451
2987
4736
6302
5558
9376
9880
8153
2190
6080
1146
4530
2962
6239
5043
6693
9541
674
1563
1506
2911
2650
7910
6651
8742
6386
4194
3161
3238
9233
5912
4988
1744
8575
1544
8238
333
1942
8514
5562
863
9734
9544
8438
4982
41
6660
495
3041
9390
9097
1245
4908
5100
4482
8547
5583
5476
5280
6665
4306
2813
9792
3713
6227
1124
5816
1201
2009
9313
8369
4507
920
7183
443
7385
4105
821
2178
2437
4245
8149
4078
6162
3614
4631
1890
1753
1824
6899
7678
5961
380
4407
3619
4181
4229
3150
4388
3508
7255
8348
1399
8383
8435
8219
9251
4022
8144
7159
9085
8427
1646
4143
6268
1169
4067
469
9656
8518
7358
3160
1325
4896
1939
6368
9589
608
1667
5412
5795
9276
3637
412
6415
5235
9244
7596
6868
2707
9226
4729
1484
160
3052
9066
9801
10000
1651
2765
685
6555
3797
3537
1530
5200
996
7387
6740
3316
8249
4513
1058
1444
6825
6824
7012
8409
7195
5286
3991
6117
319
3788
9268
6320
1775
22
8813
6909
6362
2296
7569
4119
9853
3329
4922
9318
1392
3358
2276
1729
2351
1359
9938
1415
8725
5340
8395
2918
7553
4855
9815
6375
7515
114
9300
6855
5759
7145
7948
9490
4209
5019
4820
9321
2939
9852
1631
4774
185
7307
6392
6014
4706
3608
9843
6608
7530
3577
5159
7466
6877
4086
4405
7942
2661
7570
8441
5428
6180
3782
3648
4976
6154
1120
5022
2469
9604
6821
3528
6112
8768
7133
1110
7958
2416
6574
7974
2354
7864
4981
625
2533
5552
2499
5909
4945
5594
6771
7525
9051
5359
1509
3791
862
4490
5588
1932
3829
4742
5300
8621
1479
5685
1286
6176
9856
1082
7690
7176
8129
4075
7501
6044
1546
4759
9943
3193
2793
7412
3267
9058
2363
2337
5731
2054
1495
5865
5073
3218
534
1183
9459
2565
254
451
5610
5197
4962
5468
8760
5726
2370
9678
730
112
3284
4635
8333
611
8917
6244
9102
2312
3492
9639
8550
3234
980
1560
8892
2303
8943
7872
5819
3383
2222
6837
7431
9960
1108
3806
2762
7775
5198
9580
5393
983
1993
8941
35
6017
2818
9495
4814
9972
917
1236
2740
4499
4682
7187
3721
4938
8413
5139
8176
56
6690
1778
4986
3839
4926
3927
5101
5614
4283
368
9446
1156
7527
2827
3084
6987
5611
2245
4424
7777
546
2229
1643
5243
9697
623
6629
2691
436
2644
4350
4643
5812
948
5666
7371
2659
4936
8100
5770
7881
5485
656
3997
8236
9909
4674
2197
8974
8508
7789
7607
8320
5652
7968
6739
2368
8563
3293
7705
3291
2551
2130
4999
4567
1268
3241
3524
5930
7889
9857
3985
1336
3032
9460
3763
6664
1127
5177
6191
2311
7430
8067
1876
9702
2111
9851
2653
7269
1306
6959
5560
2867
6630
3616
1543
9331
431
4495
9710
4767
2780
9003
446
6636
6496
2731
159
6340
1229
7929
1967
9238
1094
5306
9420
1705
4796
949
2233
6763
9784
9641
9977
8216
3172
8316
6924
482
8161
8986
8632
2279
274
6479
2715
7873
3078
1416
1700
1250
1275
8112
6787
8126
3098
8079
8554
8
2465
8385
3827
6087
4903
425
6811
2073
2274
9353
966
7224
6715
5164
3254
1056
997
752
5555
4828
7165
5442
217
3407
3701
2171
4371
9072
7571
7149
1208
1401
5236
9154
3071
6915
7613
1024
9745
1052
2995
6149
876
9990
3061
8302
8933
3674
8629
7189
7232
8070
1558
8625
9083
3559
3108
5635
1351
8492
1318
2461
1981
9242
2394
8919
3083
9287
1191
841
5111
9457
4225
9647
9584
5948
5203
2341
2630
6554
2799
552
9012
3747
6165
563
7388
5589
2443
5323
8080
1067
2749
1333
4966
5225
6422
2741
9183
9452
7725
4186
2755
8282
1930
1591
7225
3088
5939
1573
2042
4893
330
9875
7744
817
38
3115
7788
3373
9684
4113
2510
9245
1358
7051
7049
2881
2974
1345
9281
9660
106
5319
2937
2760
7654
6306
2581
7998
7703
4625
1771
4762
686
820
1078
1090
4227
6259
9622
2215
5727
6351
6472
8694
3847
4147
9271
5920
322
9951
5465
1320
5989
8913
8396
8751
5626
6550
1168
4899
8921
6709
1663
4657
9273
3432
7459
5802
3323
6097
7010
3934
8229
4473
5708
5260
5069
9790
4015
7520
5416
3134
2643
4445
3292
7803
8356
449
6185
464
8932
9301
9795
8075
9195
6327
2338
1954
9666
2636
6678
4858
7068
2549
8774
4904
7597
8152
9086
9782
4731
3099
5154
4274
7743
6020
1107
2181
8911
5054
6524
9828
4719
9991
6013
8802
3502
8010
9796
4069
9649
2026
439
7579
1035
1213
3498
5863
2772
746
1622
5517
7503
8888
374
2844
5925
9771
1262
9563
2949
7646
3448
7326
3064
3129
1878
4859
8224
9108
712
5952
4588
4911
59
5704
2603
4929
6615
8962
9773
8180
6938
8007
4918
6552
7278
4342
5664
2415
1538
9079
814
8146
6355
3956
935
4422
9218
3183
7338
6892
1162
6738
7593
3315
6214
4321
6553
7182
4427
9761
8748
5098
9655
208
8250
5447
9738
2991
7989
7506
3570
5983
2445
7432
6836
5075
8145
6871
8907
9989
7599
9437
1892
5833
7000
3677
3535
5482
3038
4470
7314
3122
7801
9174
5934
1288
2588
4679
7544
5410
2673
5991
79
8194
8503
9996
2861
5170
2180
7988
764
7956
3453
5520
6851
6279
4550
9650
7696
9371
4745
2924
1121
7655
4444
423
1741
7900
2017
5748
6985
7007
2099
8602
5757
1106
5640
7986
221
1039
4994
4756
6623
3121
2122
6305
5165
7536
1243
2315
5949
4087
5596
908
695
1462
5671
2399
5479
7961
1883
85
5988
1456
9978
6379
5415
538
1375
1398
7795
6621
4559
46
3974
3981
3582
5899
6822
6072
7511
8916
6300
4811
4358
4364
4560
1656
5080
4400
4023
6685
2244
1309
4505
3162
3887
8615
3860
7565
3271
7902
8327
7172
2436
8808
8285
1467
8945
8738
1567
6937
7226
594
9568
998
9549
759
9780
2820
2953
2684
992
6830
1989
6241
5987
2070
9305
1944
8154
2875
1688
4547
7277
541
5449
2133
9064
8920
5183
7776
7241
1196
1141
4010
6389
170
3446
2935
1588
9868
2771
6624
2580
3093
4509
3688
2560
2706
5758
7139
4623
2441
1566
407
7295
6402
3902
7846
6404
3738
7259
7980
5936
3709
8122
2824
6299
9597
1583
5711
6980
9532
3831
9968
8227
9430
7442
3551
9179
2241
6979
1798
8276
8618
2096
3710
3320
3823
878
231
1575
8769
7360
5223
5201
8108
8221
3872
215
9623
6724
2627
6432
1026
2205
8061
2999
9826
9502
6779
9317
4282
7339
6298
302
4009
8039
6730
5486
29
116
9902
7919
5211
7835
1037
8702
3101
271
2623
6856
9018
5029
4297
4646
3771
4598
7728
1922
6978
6804
9137
3786
3197
3990
3671
5210
318
3127
2738
4323
1445
300
5366
8511
3237
3746
840
9607
3116
9292
3173
8859
2904
2289
5213
7991
6944
964
3687
4668
8871
9816
5864
7014
2174
4167
6177
8361
5182
4562
8474
2376
2621
6749
2952
792
2080
6123
6745
8585
9119
9101
9312
2734
2329
3426
1964
7103
1670
9810
7489
2607
9763
3384
5249
2775
9404
9351
2801
9107
2574
5662
4785
9958
4543
1852
3833
3463
4605
9572
9426
3190
859
5425
6890
3147
8429
8428
3322
1627
7734
1489
6049
8032
384
3601
2923
7820
721
7400
9831
3770
4206
1998
4027
5931
1605
4829
9200
6304
1795
9654
5573
6047
250
6542
8908
2016
909
8555
1117
2612
4231
719
6969
6832
1246
932
2251
1411
2985
6839
7092
2658
5606
575
9615
5619
8092
9075
9285
7904
9976
2508
358
5733
275
6345
9383
6288
4132
1772
7128
7508
9747
4710
9558
1030
2786
6797
5705
6594
7450
2207
6746
6561
435
6850
8624
2572
9961
1111
1648
6039
6377
8685
934
5574
7721
5264
2021
1610
7917
771
835
682
3075
8541
2440
3031
7575
4748
5571
1321
6230
5120
3563
3724
2743
8223
6653
4600
2074
5782
3704
8273
3532
6022
3191
584
2526
7601
9314
4675
921
71
4632
7061
7691
2946
342
3311
4184
732
2386
3820
1963
8465
136
7268
5754
3301
9786
5058
6549
3871
311
4971
5462
4462
3430
7766
665
6073
7040
7229
5544
4385
9481
2372
5121
603
7791
131
4464
8225
9240
9324
5972
2792
3454
5593
7585
235
8475
6384
892
4541
9171
3002
7285
1140
6068
2301
2183
7487
1881
1232
467
7907
7238
5160
9526
5381
3898
8767
1974
9709
2704
270
7959
8848
9112
241
9911
2726
4604
4937
3933
9222
6115
2567
8662
8910
9575
3728
2476
638
644
1840
8241
805
2273
4021
1448
7839
2320
7369
7729
6568
1256
8849
2119
3946
1096
9368
9014
4989
4705
654
5842
1408
2353
3868
3901
7761
4865
2817
2377
5053
7909
7227
578
7368
2408
3657
8755
4616
6573
2049
3110
6823
3282
7274
5834
7034
694
5477
1282
2550
2164
2695
3510
7373
418
9628
2622
6106
9094
567
6782
5247
8952
3789
1297
6441
327
405
6477
5831
8350
8708
3745
6681
3744
9550
8620
7964
5585
3521
6582
8355
2587
7362
5592
9760
3930
8521
2675
4068
6786
4460
4544
9350
5667
2837
8865
5147
2628
1193
1494
8207
5104
952
5000
7837
4715
8460
298
6390
9170
2185
1237
4984
6283
9872
8894
39
1734
2652
2110
2364
61
5755
2382
9694
5108
3972
8352
5901
1424
6138
7063
8384
7552
7249
9822
6563
1879
8231
8678
3030
137
223
6595
4098
8669
8136
6695
6438
475
5489
7293
660
9497
6212
7221
5315
1205
7640
501
7263
6876
6925
3888
2406
9547
9524
5407
7017
6586
2135
9450
4568
7933
4296
7270
5207
3462
7790
3468
6526
1804
9885
4494
4619
2884
8425
3826
3939
5587
5020
8794
760
9477
4586
8947
646
716
1644
925
6729
6465
5102
1650
7336
2538
4581
8732
329
2082
4928
6728
3153
9850
9002
4860
7966
1332
8723
930
7592
770
1692
5765
5602
6848
8449
260
5569
5268
196
8388
9729
4287
9005
6757
8730
4618
9638
1226
3043
3574
4948
6354
3572
511
2270
2398
4474
1871
8633
4892
4228
7660
3815
1849
3054
142
5188
1697
5179
5798
7422
5292
9198
4654
6675
8836
5141
4429
806
2539
6912
3288
5577
8983
3275
1743
2330
6583
5706
5150
7348
6071
4415
1298
2864
4854
7398
7945
4133
2537
2466
6420
6310
6258
3341
8284
8453
3100
4725
2365
9035
4515
1863
9454
171
4230
834
489
8493
8310
9349
1170
8868
6889
6606
7222
8823
6111
5986
402
1025
5690
6960
3013
9840
5283
5858
4
2942
7198
3166
5356
2044
3457
9425
5851
8159
7971
460
7170
1477
9412
8934
4284
8416
7759
9498
4052
5661
9168
3484
2280
6093
2144
9835
3485
7332
6323
105
5256
9220
7087
1261
45
7067
1900
7486
607
5665
9055
9561
2013
6970
6604
8681
9783
5205
3824
6905
8378
9326
5061
2909
3811
7990
4735
9939
9755
9846
4096
110
858
81
247
4201
1202
5343
9343
9472
4808
3622
4751
8951
5226
7135
2182
2359
3339
5805
6564
1687
9114
6430
615
3138
585
6705
4313
4875
1726
1330
9807
2286
1436
3720
122
2048
2869
8101
1374
6545
1955
3900
8698
3429
24
4825
3354
7
7685
6640
9862
822
9583
3262
9117
5196
5771
3781
5231
1228
6789
5738
7886
5326
8825
4529
2601
2422
4210
3265
6215
5487
1737
1371
9716
3778
9228
3814
8706
6074
2742
6708
8156
8822
1109
5168
66
522
8691
5979
1986
9099
1216
568
7862
1693
4163
1969
6077
3459
7193
5363
2746
738
829
3960
1361
7311
7818
6769
6717
639
901
1366
6995
4280
6309
626
2606
6293
7559
9535
5654
6369
2605
4771
8446
5090
648
7562
5793
989
911
4817
9221
5522
2721
5707
4216
4596
4528
1685
9361
3904
5942
6721
1517
9906
7098
8283
3326
7918
7750
5389
8860
8653
5253
347
3734
3198
8978
8674
9342
9640
6417
8686
9995
9325
9579
2468
6525
3983
3773
8499
4648
4752
7658
8817
4226
2212
7635
2335
9315
3006
7874
8095
884
3965
1774
1730
152
7770
5492
8576
3653
5418
3415
9008
718
1428
7099
7013
1159
1579
1752
6658
9378
1864
7638
1826
5549
7538
293
3567
804
9461
3324
2620
4821
8317
8133
1951
2562
1433
9104
5567
6249
5953
6743
6333
2907
1324
9175
2870
3309
7057
4326
9794
2596
263
4801
7381
4435
6813
3005
9714
4925
7849
138
44
1071
1910
2814
7965
3596
2553
7566
9204
9303
3073
7200
1999
9121
3501
1972
3914
4802
3600
4617
2511
4047
1539
5265
9701
7309
2020
2332
9122
6008
6916
1853
1556
8775
1499
6161
2307
3663
5938
277
6066
7860
7737
6292
3579
6857
7720
2230
9118
8024
6667
5636
9449
5474
3473
75
5244
2071
7838
7519
8556
5068
7462
9416
749
9777
5718
1418
9418
9509
1033
5107
9986
8116
4002
2975
2158
147
2711
8240
9333
2571
5538
3167
4449
6063
6976
4302
4256
2318
5853
9290
8016
9508
5954
1814
7485
3261
2277
2100
126
1805
2451
9963
1311
2184
7256
6727
8520
1207
6532
747
4503
8683
7328
8638
5435
655
6718
6058
1412
8969
1402
9808
9947
4408
900
7496
629
2914
121
3056
1442
990
73
1851
7609
4638
6401
7158
9016
6464
8366
1699
9845
6861
9483
2888
5700
383
3970
2938
5259
790
9039
2853
6182
252
4672
4456
8965
3113
9081
5516
2154
4386
2081
6926
769
1473
564
2199
667
9813
7780
4963
8879
923
4812
7698
8565
7350
1901
6381
3246
9463
7549
6363
6866
4738
5976
2449
1641
7044
9618
5015
5762
8118
4281
1542
78
4803
2575
9335
8407
5380
9554
7352
3417
2555
9546
8052
8205
3581
9513
9299
4870
2599
161
6481
5276
3932
4295
561
5927
1339
9027
265
4158
6079
1649
5348
7500
8134
6790
3857
5128
4939
8246
6752
6867
9419
2083
297
1606
3588
3397
6442
6656
9037
305
5499
9060
5844
3242
3194
6814
37
7140
9997
4518
8676
2487
5166
7003
3664
1820
3142
8403
2194
6994
7207
9927
7747
8212
1091
6346
92
3337
8198
2700
768
8211
4409
3640
200
1712
4761
4138
3280
3470
5766
5498
3351
8590
3876
6324
5109
5018
2162
8570
5511
8109
4195
7131
3391
6949
5557
968
5390
7463
2084
9248
8992
111
6491
3395
5529
1409
5911
3548
1868
5158
2843
7671
8143
1192
1553
8439
936
9787
6400
2187
8483
7713
734
2830
4574
8073
5820
8081
6796
8687
7953
9078
4392
5677
6981
6609
5810
2940
5408
5710
9555
6027
4810
8329
8713
7160
650
8346
5045
8251
4161
8042
1523
258
4162
5184
9424
831
127
8150
893
1696
1464
2362
8187
414
4772
3989
91
3184
744
3343
9985
5650
1086
465
220
2149
7521
6713
4927
6143
9464
8342
7568
4990
3479
8522
7447
4272
1069
9897
7415
5024
5030
2943
3755
4959
4077
1841
3168
1214
5480
5344
9049
4781
7377
4533
7858
9651
7110
8649
8606
4732
4520
2350
4992
9294
839
7870
8479
5336
2265
3362
7132
1655
4044
1367
5145
4112
140
352
7517
286
1458
5284
8705
7370
4360
9011
4886
6923
7739
6209
4413
8022
3624
9136
2310
4511
1289
9047
9908
3604
5824
2381
9711
195
5228
8818
238
8789
9402
3515
6376
2379
9413
26
5773
9742
7303
3192
7357
788
2214
8501
7894
4831
8532
848
6427
1763
9194
7461
8851
1195
1860
7841
2227
2634
5607
8363
2548
9973
2960
6671
4353
9540
4915
3611
2522
6808
181
8937
4961
5430
595
4224
1816
1441
1574
4728
6276
4924
4709
4836
3029
1762
5364
1062
9254
3971
9900
9363
5946
9379
7085
8480
7313
1926
3667
9261
8643
1468
3251
5512
5162
1710
7563
5800
2324
7168
5278
3181
8990
125
3595
9934
2863
508
3631
1680
9320
720
5637
7380
6897
162
3564
3623
5984
4434
7355
1283
9665
5103
5603
9479
1347
3103
2163
2618
6136
9269
9486
2610
1796
7715
7558
681
8334
1540
4316
7792
7762
7674
6711
941
1377
8173
3691
1817
1417
7111
6054
355
6397
4066
1568
8114
6570
1765
5374
8468
9052
2941
7361
4317
4914
5110
3406
7733
5433
2159
3821
5660
1133
1076
4242
4809
4655
8106
8068
4121
1593
9644
4454
5017
5039
5441
3259
5926
9256
9253
6103
5074
7016
1485
605
5174
8406
4327
8090
8127
6882
572
4111
1435
3187
5845
896
4556
7676
3873
9501
2703
1916
3638
2075
5405
3245
7011
7978
4008
6156
4123
4312
4017
7535
2349
5042
8288
913
6095
5935
1263
782
4070
5787
1215
8455
5608
1674
4757
5391
8168
4676
9670
3554
4059
5856
9613
4203
8842
4766
1466
6448
9720
2774
6334
4479
2091
2254
8044
8641
9832
5221
9849
8688
5524
9399
2258
6547
8289
1891
1875
3081
5605
9357
1654
9715
5778
6815
2401
5199
4455
4763
9598
9015
1720
7605
3436
8237
9356
7572
2475
6005
9624
5561
7065
7765
36
9267
8255
5535
3607
3264
974
2019
4726
3988
9209
899
8062
1531
1206
1190
182
8592
2722
4267
4328
9197
7920
2493
2640
5368
4637
427
3686
9514
9210
8958
7608
9304
3870
8948
780
4214
6187
3097
392
5741
5743
571
4251
9347
570
1145
2955
268
1707
6840
4869
1652
945
6196
8048
3819
7378
8498
2427
2056
9605
6121
2506
8506
7673
7185
550
5903
1457
33
7050
6083
1386
400
3086
6517
7218
8025
5997
7495
8258
1349
4127
6885
7144
2669
5880
2748
3437
7436
5531
1112
2169
2231
9593
2544
2264
6736
5317
6505
2333
6109
1948
6895
2192
6409
9019
1915
2503
2832
190
3428
7779
7323
3405
902
4104
8197
622
8761
2452
3357
3649
516
1812
343
9062
2433
6370
5799
1050
8466
332
8777
598
7446
9979
6838
5222
3483
4137
5297
212
7960
6816
1554
3803
3133
331
6220
677
7992
7213
201
818
5921
1822
5767
8132
9022
8701
6520
9309
15
4223
4873
7299
7384
4457
9637
9432
5360
3945
2895
1702
2177
9988
1845
1738
6692
6040
7555
4960
8596
2481
6847
1083
7023
8835
9231
9898
8060
4607
8339
5540
5060
3953
3003
5434
9842
2773
2730
6045
9621
6331
3450
9788
4218
8491
1905
7073
6157
7196
4818
2008
1461
9491
3861
6204
6934
7573
7876
8256
7395
8011
7214
8831
4722
2576
2002
5878
6443
2624
4271
338
2689
1689
4850
6810
795
891
4425
7114
9611
569
6558
8121
1497
8845
4779
3879
8088
4259
1780
9834
9329
2095
4689
2348
6225
7137
4019
9149
6078
5192
559
5469
2033
7482
3520
177
4721
9609
2221
2123
5692
4257
4795
8138
7891
3442
9527
5746
360
1825
3936
7939
8308
2821
8015
7670
6741
174
7235
3684
2155
7426
8082
8899
4583
3949
5855
6733
9848
11
1049
5126
683
9396
4707
6265
6744
462
3175
5978
6720
6928
8869
4340
737
8467
7418
6754
2663
9410
6783
5753
8766
3140
8338
6490
8500
5716
1946
5437
6395
1629
553
3726
9264
7546
3016
8354
5957
9779
612
2346
9359
4579
969
6098
2439
8636
7279
5565
3706
6862
1660
3980
7819
3777
5335
7746
6643
8040
796
6391
5627
3227
4100
7075
9754
6792
4839
5346
4144
3643
5190
763
5072
4621
9797
6585
7829
9762
6803
5826
2816
3386
1525
1394
4447
596
4159
7554
1758
6644
9438
4292
5224
5702
9585
620
5928
6691
5312
5257
2990
6197
6962
382
7251
7973
2165
6998
994
476
828
3682
680
7367
4177
6662
150
5825
9182
6637
4246
3034
2682
4516
7952
230
1136
5728
8084
2874
359
8321
6760
7513
4443
613
7035
3306
5904
9252
7626
3471
4833
7772
8183
5967
7603
7616
6076
7469
9948
1502
6611
8617
3620
5937
9071
6627
3082
7319
8989
5734
8926
3994
353
1937
1965
1491
2871
8091
5750
8970
6543
3589
4094
8053
1647
8270
2484
2104
8564
6374
4406
6092
9942
5149
93
4043
2804
5699
7840
8419
7843
213
868
7785
6973
6178
849
7317
1079
4639
1585
4484
2283
7574
5113
9596
4538
437
2113
9406
557
5947
3867
3517
4420
3801
2094
6683
2840
2380
2140
3719
244
1173
2152
6253
1177
6065
2807
1836
2803
5532
8729
4977
9448
3137
9507
4542
3144
9132
761
4401
2705
808
8089
9740
2688
735
6475
5696
416
9833
5132
5021
9133
4362
7444
3418
3148
7954
8267
529
2236
5369
3737
7514
6747
6742
1027
3864
1956
7399
9627
8982
5854
3231
5836
8601
9753
1727
7915
8572
9025
1063
8809
4172
7335
2535
8513
5586
3297
7002
2313
1935
3085
3538
6009
7793
9295
2425
2568
1515
8452
4102
7631
3220
165
6519
8158
7667
6863
4789
8826
5494
6252
1842
7827
21
9658
4182
2865
2917
6734
8411
3916
4304
9177
9994
5568
700
3270
2899
1662
9727
5892
8029
1194
8568
5723
652
4555
3685
3530
2892
9255
2160
7036
4154
6084
7806
5752
5628
2463
8566
4366
395
9475
7857
7556
2131
7976
8519
317
6001
1270
4270
8294
6723
1632
3591
6151
4135
7884
8889
3863
7191
481
1331
4054
8307
662
145
9341
7921
971
4702
1088
9180
3298
3880
8314
6953
8189
5604
8232
6088
5118
9496
6223
3451
3472
6030
1460
5318
1396
5013
6200
6023
3696
3922
304
8167
847
8046
870
2735
6317
3923
5333
1315
9431
8902
2188
7059
1866
781
458
9381
9470
6459
8434
3881
1992
530
1142
4099
6794
2921
4947
3540
8819
2710
5915
6487
3239
2681
8335
408
7018
4517
3229
8368
6321
5219
4018
4005
2424
8531
5675
3376
7088
246
4874
4378
7925
3393
1952
9178
3661
2514
6122
8200
8612
4114
8880
7632
5439
4905
8370
3226
4799
7364
6120
9573
6419
8614
8709
154
7058
803
164
5064
3217
1584
1182
316
3313
3697
351
3669
6641
6632
9811
3256
9636
488
6205
8544
1040
7228
1260
573
3440
7206
5694
2266
8014
2238
6221
9360
3475
3816
8878
2677
4685
7383
1012
1789
1867
339
5639
4612
4798
2492
7409
6405
2089
7305
2495
4013
5875
5673
7078
3679
4783
8292
837
5028
2261
954
144
7042
1522
7467
8417
8253
8661
6560
5519
5377
2757
4237
1850
3947
1559
312
6048
5913
3812
8998
7567
2109
224
3008
9169
8360
8043
1731
1235
6566
7094
6504
4151
7784
9340
4805
9082
8757
6950
6943
4572
1565
3447
8213
7006
4634
731
4187
1739
5025
9186
2517
8222
2228
4584
4074
2139
143
1066
5889
5194
7547
6579
8390
4765
2614
2288
1869
9380
1945
7533
7718
8679
6879
9469
5821
4020
4092
5682
6927
3862
7127
1419
6281
7970
2314
4412
9690
2519
1287
8806
5370
6626
6184
506
2578
6673
8803
7661
7070
4521
6267
2344
6006
8344
8764
7177
291
1987
8265
2524
6500
5163
1264
6846
8313
8281
944
5063
1338
6219
128
6329
7826
2025
5900
19
3541
5035
1147
5894
3421
9648
3843
2067
9126
1255
398
2747
3007
5867
2527
9041
9894
1552
5922
3394
97
7117
8202
163
3700
9110
2617
2566
1537
758
3022
1299
4007
9602
3891
4451
9478
7985
4819
1211
7325
9043
619
7875
3274
5307
4131
3534
7005
5832
2872
1787
906
9328
9836
2656
1623
3625
6344
6935
1014
9456
378
8423
5541
4956
9724
5633
5956
972
1158
3285
2963
6289
6982
5658
5655
7768
5609
9531
4122
6202
4894
1329
1512
9901
5515
9663
7987
690
670
2674
8671
8796
3523
6784
8098
8821
9138
491
3350
6360
3896
5756
1581
4891
381
2371
4341
5123
1607
6801
8311
4656
9543
8174
2432
5417
3718
2997
9190
9205
6207
5744
6378
5630
3652
2295
7825
3363
1501
9886
3910
1736
5424
320
9592
6841
6255
2060
3897
6353
8973
2846
8379
5886
4311
7758
4827
267
6793
5719
173
3660
6062
2637
9409
3919
5248
9610
6308
8464
1465
1615
4570
2815
6775
4293
9873
4863
8243
9387
7947
4189
3235
5599
4130
8740
5067
9487
6523
8677
3841
4717
5822
6483
9954
5478
7757
3281
4476
3799
3748
483
6082
783
7890
5005
3092
1813
2724
6955
846
673
9468
3935
7745
4091
8426
9800
6791
31
9552
3319
4063
7727
9693
7883
8140
4146
2649
6913
7871
3151
3802
9935
6914
697
6174
3597
9358
7267
6455
5697
4613
4481
8697
2770
2687
3678
1490
2125
7686
9530
5087
323
1782
1483
8337
8128
2456
7588
9050
3333
4197
4478
5262
4430
6696
1252
2811
9365
1354
4502
7502
6682
691
1154
7239
7922
1802
7923
5687
8064
9211
1925
9812
1276
8600
9776
7643
2253
8252
2191
4519
4134
3396
5518
9721
2297
2259
207
4792
754
3505
2419
9046
8191
5564
7805
113
6820
6571
4170
8147
8721
6228
8861
2927
9056
8175
7027
1929
269
8185
7312
2980
7456
5305
3224
2841
5299
3240
8290
9588
2450
8408
4238
7830
58
8286
8328
8192
4492
4665
5313
6256
1478
7351
736
2458
3059
5117
4165
661
2629
485
1982
7649
3177
6966
7116
9113
8214
4379
9159
7523
8891
2101
800
1175
5503
6495
1698
1507
5877
397
6278
6233
3822
2117
2925
9915
5613
6229
1132
6788
4045
3553
7375
7490
959
4577
6957
8157
8324
943
96
4713
9791
8023
2148
1310
2031
7863
5777
6251
642
1459
520
5143
7231
6883
873
3869
9718
6260
7946
5411
2739
6572
548
6271
5996
7836
4217
9612
6647
3752
5896
5526
4156
3074
5146
3139
8177
1819
9373
4770
5612
2284
3243
4418
6776
8148
4687
9366
8028
1594
2593
641
6753
2173
5239
539
1790
4219
4686
2166
301
2598
7080
7878
6732
2948
6809
7416
4419
5012
7877
5663
7994
7623
6356
7236
555
4026
7755
5940
6492
8535
9553
1057
3702
6188
703
6858
9087
6152
6530
1362
4683
3458
4241
3995
4166
6104
7396
4233
4834
7669
7155
4116
2534
1099
1933
4551
1084
4004
3408
6896
6144
1187
8381
9785
5924
7898
7297
2554
1859
2087
7621
1271
4650
4998
9946
9293
9345
8994
8304
6898
8885
5768
3655
6285
5006
1873
2478
3304
2973
5974
4949
7800
743
5715
7077
3381
6498
1722
4016
5423
6954
4417
5438
6385
3021
9642
2142
1803
2201
6451
8622
3610
975
2262
2982
4561
5644
7882
2299
7234
3754
6055
4647
1176
8981
3011
3356
8357
8477
5342
6527
2957
5040
2352
6989
8866
7162
9993
1991
1534
4964
8530
5841
8812
1047
7209
8780
2204
2896
4797
6125
6834
7105
3260
4125
4032
701
3424
8442
6274
3263
9201
8923
1518
17
3899
9166
9844
9076
7478
1313
2467
2006
4871
1042
5304
4373
9032
4758
2179
3729
5838
5481
4136
6213
9917
4208
6602
4330
6408
281
9913
16
428
914
7038
2919
3294
3466
5376
9587
4609
4011
6702
6904
3612
4698
8799
1406
7681
3830
6712
5575
4335
9981
9192
6338
6802
3849
9704
1304
3578
6051
346
7240
5739
9163
7653
3924
8666
8640
4608
9199
4807
7543
9634
9522
6127
4414
5951
7895
5769
6172
4589
7287
7659
4720
9591
3149
5747
1006
6131
910
3602
3794
6262
6216
7093
9675
9161
420
3984
34
2488
8771
5397
303
5095
6548
9007
741
5450
480
2112
3751
3800
9830
5271
4243
2116
4333
4176
4390
750
1198
7188
3004
2105
3399
8781
6297
1723
1897
4853
8559
3268
7100
8072
7471
1471
1541
9820
7684
1874
1635
947
8318
7975
1735
4539
8811
5007
9339
9889
3835
823
5212
3413
2134
6536
6015
3068
3135
1977
8280
7499
1779
5178
1913
6669
6908
7406
3908
3590
3377
2429
664
9232
8707
9730
1855
211
616
2886
4791
5181
370
459
1608
7798
523
9223
9184
4394
6361
2482
7738
8006
6371
610
8083
2873
5859
7445
9494
5680
8295
1943
9781
2889
5350
4351
8019
785
3909
4372
2615
8099
9700
249
7753
1800
3680
3785
2127
8287
7760
5275
8972
757
438
5959
4393
8374
1164
4708
6303
5847
7318
8586
2646
8220
2912
7972
5379
6562
7284
2375
2737
8002
2686
47
4439
3049
7359
7629
6577
3732
1861
5550
5579
9933
9980
5002
8957
2223
7957
1093
4268
6414
6974
6116
5270
5206
3818
7401
7751
8457
6358
1
2150
3894
2608
1636
2409
6224
4970
525
7624
9208
4703
6761
1248
6945
6163
6964
3120
4746
1716
4344
3750
3196
7349
48
3486
851
1634
4532
2836
9865
9923
8326
9000
5678
8097
4940
393
187
415
1327
2126
3158
4782
533
5809
2224
2894
2120
7583
3583
6423
2850
6592
7161
6865
8528
3593
5124
7407
5362
2055
5714
7324
7142
6269
7833
8410
6024
5563
236
2235
970
313
6539
7903
4815
1768
8365
3979
3028
175
5112
4014
4974
5337
2655
8397
4557
1407
40
5790
1681
8630
8399
9160
6716
64
9945
9966
4730
9949
9565
4910
1167
104
7967
7353
7934
8896
7048
8103
8696
4262
499
3290
1767
9330
9817
5034
3460
8017
7186
2392
2753
239
9100
23
6367
30
775
3342
3716
4659
5341
9671
8805
7799
3035
4670
4440
6236
614
2327
5818
6328
1830
1596
3062
4636
5908
1846
2776
7047
4773
6842
2202
4531
6544
8296
7064
1844
7852
867
8791
8719
1134
1352
2246
6886
1105
4952
4337
5647
1230
7899
7389
176
4822
9124
9920
9024
424
5919
376
2319
4504
8664
3998
2802
1285
5634
5962
6806
5907
7208
3091
9336
8744
8472
5378
1008
819
5623
8184
1695
2696
978
189
9896
8665
5749
7154
2916
7477
4391
1180
7246
9308
3639
8510
2552
5140
645
4300
5554
9767
6616
5525
3402
7809
592
9219
5461
279
1614
2334
9385
7700
4290
2862
8772
8927
4211
3057
7153
2066
3212
4204
8151
7619
740
6996
1343
3176
3711
9155
1895
7301
7709
3132
3431
4750
885
2218
5649
410
7288
6190
857
4000
8440
8359
3512
8582
8279
2613
627
5321
8490
188
5394
1480
8489
9757
1000
4160
5551
3765
2257
6511
2255
2058
1138
9521
8398
7211
8977
8598
4545
8595
7589
5254
9109
791
6261
5365
5955
1590
426
2271
2234
6817
4804
7025
4382
2263
1728
7151
7178
6406
6052
676
7356
1755
4877
8634
1249
5491
5129
7055
8589
8170
6056
3536
6619
6053
1898
5817
9013
65
3837
940
4179
9257
1924
527
1865
432
3359
9189
334
7481
1126
4737
2015
6657
7813
6025
3189
9236
386
587
7930
9523
2694
86
8654
2856
2
4841
349
7275
6569
6485
6958
6971
8716
68
1326
9070
3878
3200
6421
7081
3488
1934
5409
4552
3202
5237
2336
562
551
7534
3222
8169
810
7908
7783
2039
1498
8093
8172
7205
3509
4356
6426
8137
8783
8218
5638
4322
1759
8481
4694
8754
1995
8953
1220
1770
4471
1492
2712
4898
6588
401
9089
5849
2626
5887
5406
3809
2485
2671
3828
8038
6633
4701
7029
4857
928
5918
9614
8663
8353
7174
308
6277
519
3372
7614
8458
1548
8478
8036
4285
5547
3967
2993
8120
3555
8230
1223
8242
1316
3544
2781
8587
8834
2657
1711
8646
6315
3695
6501
9006
4969
8050
1847
9484
8201
9230
197
8584
689
9969
3944
6676
9869
433
3628
5131
6597
4614
2972
7505
3507
6642
3941
1357
6663
115
634
2256
1562
2306
9883
8463
2001
2547
8277
2285
6590
2796
601
9322
63
1959
20
3015
2413
3112
9608
5615
8057
5683
2965
8935
9140
2250
6450
4823
9362
786
7732
7126
5874
210
7266
3387
4450
3044
2784
7689
76
314
4921
9926
2391
4221
658
2143
1065
4743
8838
3040
9485
9582
120
9732
8496
9928
4909
153
2043
742
5047
7102
4090
767
9861
2951
861
3550
6649
7095
9377
290
357
8692
9631
6452
7560
2542
5010
4888
4594
8026
5882
3911
6349
3774
4603
3403
1633
3545
7247
9403
7719
5475
5674
9595
1119
1021
2915
4467
2384
7949
4199
651
4466
991
2471
178
49
3912
7104
7494
7410
2545
5399
139
5310
1549
7484
8300
1975
2930
8013
2880
9888
6396
2668
4887
3207
1625
1949
257
3000
7028
1896
3546
582
1378
675
3392
9346
8904
3804
2237
2789
2151
4727
513
9645
1545
8857
4912
2903
6314
8828
9854
7723
8034
2664
42
1303
1481
1781
4188
8226
7215
9465
9224
5513
2483
3164
4081
442
7962
6750
7936
8886
5144
2321
7084
1678
2829
6061
2625
2954
9284
2797
9291
5125
4733
6650
9243
2697
479
5463
5537
2800
3836
5209
7414
10
9653
3037
1389
2272
7625
4331
9098
8003
5509
3877
2882
7932
7291
4396
8963
1387
7896
1940
2128
9692
4661
5490
1160
7856
9772
6287
3497
3058
5784
5944
3825
8944
3443
3414
99
2988
9158
2423
4907
8577
6364
9270
8700
6780
5429
6140
1455
7620
4446
1118
6516
1994
5506
5358
2282
4395
6101
5548
292
5245
7636
9127
9057
1131
8393
9128
9375
1098
1474
8574
8844
9726
5009
9493
2763
7848
5807
9176
8750
8235
2758
8976
155
2970
6827
3761
4261
7662
1054
3673
7354
5897
6240
4276
3482
9364
4079
2556
2702
5404
8854
1488
3529
7091
3465
6694
9334
344
5261
7344
1335
4861
2573
5427
90
8375
3795
1587
9466
6812
8051
2728
5969
8814
5578
6445
2956
4879
6755
8312
1070
3094
6605
1639
8942
3445
3993
6311
4157
3174
3692
5458
963
4258
9620
2512
9235
599
5502
1290
8454
4042
3817
7216
3615
4595
5891
9451
2308
7434
3409
1725
3195
8984
502
1966
8800
5115
8627
9891
5246
3203
1764
2356
2322
9967
6774
4510
1013
4085
7296
5601
5148
225
4993
8181
3487
6654
2515
356
1612
798
7693
5893
5559
3210
4448
8509
2950
8364
1791
2114
9441
9054
8404
2858
8997
9770
7115
3489
2378
8837
8608
2891
4033
3444
2211
5432
180
8420
7914
4459
7672
8573
6941
8876
7642
1017
9506
1189
3182
6436
6270
8609
5545
4196
2290
9145
6726
5099
6535
363
8208
1628
463
5116
9562
1529
340
6100
9590
2157
2977
9916
5066
1314
5395
5595
4527
2249
1941
1747
9348
445
8063
3978
1139
5861
9661
9048
5622
2595
1403
5334
1618
6835
5505
5097
8331
2168
973
7244
4180
956
6428
7602
2447
3478
3114
1301
8001
7594
8651
5301
5263
9065
2591
7651
2170
3374
4381
9932
4716
9135
9392
6845
389
251
8785
1085
3635
1788
7645
6007
6826
1829
5829
6538
7509
3186
3159
9422
9971
3681
6933
9837
8494
5295
4438
7694
8759
9278
6703
1516
3982
7576
7844
7717
4421
8571
5311
3152
3943
1129
4288
1569
6701
5835
8000
8008
4205
728
1909
6194
1470
6864
532
1074
3412
9434
8009
6004
7763
3455
4383
1749
1511
4051
507
3632
3605
5862
5135
1513
3645
7441
1564
9953
6170
9142
1718
2097
9411
9338
3961
4524
1353
4080
124
9421
4885
1200
243
7542
8557
7951
2027
7859
2639
7982
8104
515
2986
8247
4279
9959
554
7443
1432
2339
6852
6655
4416
8988
4169
7053
6556
2509
933
4678
8037
6893
9825
4667
1811
1238
583
4398
3938
1906
1380
8594
1337
366
8135
9806
618
8731
8833
5985
9722
2845
2147
4329
4624
7030
3211
32
845
1532
4369
2340
8840
4979
1996
2849
2698
3367
1927
7771
5387
6107
9912
2156
3650
1219
3378
987
9283
4662
8657
5653
2210
5501
1870
7020
8325
3769
2752
7510
7916
9952
3018
4126
5421
2455
3076
1125
2062
6528
7735
450
3973
9147
6854
6437
5130
5772
422
7109
372
8386
2405
2751
833
6089
4590
8275
2355
503
7716
8580
5403
8673
8085
1970
7420
2788
6638
5133
3959
5785
2582
2600
7143
5929
8915
6036
9759
6648
6936
1833
6956
2287
3300
4838
6888
8852
2589
4441
517
7146
4548
2309
6541
7892
9921
5171
8260
4980
1410
3321
8206
3565
5873
6474
1528
3705
4935
7437
9445
1665
7474
8087
4168
918
1997
454
5906
5866
7679
4108
9769
2079
8914
3913
273
8130
7237
6434
8415
2430
3587
3026
7433
8964
1095
4923
3252
4303
5316
4900
3736
7695
889
6460
8956
505
1284
7294
3630
8884
2665
5895
2034
3693
7302
2847
3987
7180
5204
986
4475
7893
8820
8228
6248
6687
8066
4387
4847
1267
5720
3425
8591
2932
3178
1231
9876
7147
5186
4615
2426
4109
6118
6765
3244
9556
417
3506
8110
1527
722
5995
1265
3123
9863
6366
4642
4862
9061
3156
3842
4336
6462
8115
5422
9173
9059
606
4712
1046
4658
7769
4065
4508
7688
9332
8139
6173
5868
7261
1369
946
7940
3353
6275
3286
542
2195
1918
8940
1834
3689
72
4145
8999
2823
6290
8787
3519
2473
2063
5352
7060
4480
2683
1293
4489
2826
4806
1797
7586
9077
8245
6781
5876
6529
9216
6410
6894
4985
5367
4359
2010
2146
9643
4972
2672
9746
179
4564
3714
8954
8367
7156
4724
8807
7664
4843
6844
3976
7480
1015
1089
4289
1508
1413
2490
1404
5195
8746
158
5173
5898
3675
8739
3874
9892
2822
787
9712
7250
8443
5185
6000
8847
4343
409
2812
5004
5641
7179
8461
3398
3371
4786
1882
3215
773
2030
2412
8030
4622
3886
1038
8131
1414
4666
1496
7345
6735
1122
8898
