4
8
4 1 59 65 84
4 1 13 77 80
4 1 32 69 85
4 1 20 36 40
4 1 27 42 85
4 1 39 53 67
4 1 68 92 98
4 1 58 81 91
5
2
5 1 82 91 97 99
4 1 67 96 99
3
4
3 1 79 99
3 1 32 61
3 1 48 69
3 1 3 72
8
3
8 1 21 33 45 89 94 95 96
6 1 60 76 90 95 99
6 1 70 91 96 98 99
7
2
7 1 78 84 94 97 98 99
7 1 36 57 77 91 98 99
8
8
5 1 66 96 97 99
8 1 24 60 66 77 86 93 96
7 1 18 38 52 87 98 99
3 1 98 99
8 1 72 81 82 90 92 97 98
6 1 19 24 50 97 99
6 1 28 91 92 93 99
6 1 58 81 94 98 99
7
5
7 1 62 81 84 89 90 99
6 1 73 84 92 96 99
5 1 94 97 98 99
4 1 72 97 99
7 1 38 63 76 79 91 92
4
9
4 1 29 33 59
4 1 84 91 97
4 1 34 53 72
4 1 42 95 99
4 1 6 16 41
4 1 24 92 94
4 1 46 51 70
4 1 36 68 98
4 1 54 79 96
10
6
8 1 9 50 79 87 90 98 99
7 1 17 64 75 93 95 99
5 1 12 89 90 99
6 1 52 56 87 98 99
5 1 91 96 98 99
8 1 27 66 71 89 97 98 99
5
10
4 1 52 97 99
5 1 65 67 83 88
4 1 78 98 99
5 1 85 93 96 99
5 1 48 50 58 62
4 1 34 98 99
5 1 15 89 97 99
5 1 30 42 68 80
5 1 29 94 96 97
5 1 40 73 97 99
10
8
5 1 93 95 98 99
7 1 6 41 52 87 97 99
2 1 99
6 1 39 96 97 98 99
8 1 16 71 84 89 95 98 99
7 1 22 43 66 82 93 99
7 1 53 64 93 94 98 99
7 1 69 85 86 89 98 99
8
2
5 1 23 42 94 99
8 1 4 60 62 85 91 98 99
6
2
6 1 62 88 91 93 95
6 1 21 64 81 87 92
10
9
4 1 80 86 99
5 1 80 88 97 99
3 1 16 99
5 1 92 95 97 99
5 1 69 79 98 99
6 1 28 38 86 98 99
5 1 18 94 97 99
9 1 44 75 79 86 96 97 98 99
10 1 40 75 80 89 91 92 93 95 99
7
6
7 1 18 41 65 89 98 99
5 1 89 94 98 99
7 1 12 80 83 87 91 96
7 1 6 16 31 68 76 90
6 1 64 83 85 98 99
4 1 82 95 99
7
10
7 1 36 62 89 92 93 97
4 1 6 8 99
5 1 35 59 98 99
5 1 65 97 98 99
6 1 81 85 93 98 99
2 1 99
4 1 3 98 99
7 1 40 77 78 86 88 93
7 1 32 49 56 92 96 97
7 1 14 73 81 84 90 96
6
5
6 1 5 37 43 50 68
5 1 28 89 95 99
5 1 75 97 98 99
6 1 6 60 66 91 93
5 1 94 95 98 99
10
7
9 1 54 61 78 81 89 93 96 99
5 1 36 90 98 99
5 1 61 77 98 99
4 1 54 91 99
7 1 36 57 91 96 98 99
7 1 42 79 86 90 98 99
7 1 47 55 82 94 98 99
6
3
6 1 70 71 72 86 96
5 1 73 96 98 99
6 1 36 50 59 89 92
8
7
4 1 69 93 99
4 1 90 98 99
8 1 12 37 51 61 91 98 99
6 1 34 91 92 94 99
7 1 41 79 90 97 98 99
6 1 93 94 96 98 99
6 1 47 91 93 95 99
3
3
3 1 17 35
3 1 87 92
3 1 45 67
4
6
4 1 24 48 93
4 1 89 92 93
4 1 49 51 97
4 1 13 26 66
4 1 5 88 90
4 1 66 68 95
9
6
6 1 54 90 93 96 99
5 1 85 91 98 99
8 1 26 36 89 91 92 98 99
6 1 71 85 94 98 99
3 1 97 99
5 1 67 68 98 99
5
5
3 1 98 99
5 1 24 92 97 98
5 1 79 86 93 95
5 1 72 78 95 99
5 1 81 86 97 98
5
10
5 1 36 49 71 83
2 1 99
5 1 62 66 73 74
4 1 96 97 99
5 1 29 93 96 97
5 1 42 94 97 99
5 1 33 41 89 94
3 1 98 99
5 1 77 96 97 98
5 1 20 34 60 81
10
10
6 1 41 88 97 98 99
7 1 84 93 95 96 97 99
5 1 92 94 97 99
6 1 37 52 90 98 99
6 1 33 44 66 69 99
6 1 74 79 96 98 99
7 1 44 59 72 94 97 99
7 1 33 60 95 96 98 99
8 1 10 75 89 94 96 98 99
6 1 70 82 88 96 99
9
7
6 1 14 44 77 78 99
9 1 44 55 74 77 92 95 96 97
5 1 54 68 98 99
6 1 29 41 76 98 99
9 1 23 43 59 62 76 85 92 95
6 1 87 95 97 98 99
8 1 35 65 92 94 95 97 99
10
4
7 1 45 91 96 97 98 99
3 1 86 99
5 1 20 92 98 99
5 1 72 90 98 99
3
7
3 1 49 67
3 1 19 61
3 1 45 53
3 1 95 99
3 1 96 97
3 1 86 91
3 1 61 98
4
7
4 1 44 94 99
4 1 94 98 99
4 1 51 85 98
4 1 40 50 86
4 1 25 26 53
4 1 28 98 99
3 1 98 99
8
4
7 1 29 79 92 96 97 99
4 1 38 94 99
6 1 56 65 73 89 99
7 1 12 83 92 96 98 99
6
7
6 1 64 81 96 97 98
6 1 82 88 89 90 98
6 1 42 57 68 79 90
6 1 5 78 84 88 98
5 1 53 92 97 99
6 1 42 53 97 98 99
6 1 74 80 86 96 98
5
3
5 1 57 67 88 97
5 1 86 94 98 99
5 1 5 89 93 98
6
4
6 1 45 77 78 93 98
6 1 66 83 87 89 91
6 1 2 78 84 92 97
4 1 62 96 99
9
4
4 1 80 90 99
8 1 14 45 88 89 94 96 99
9 1 23 41 56 91 95 96 97 98
9 1 29 44 72 78 79 83 87 91
7
4
4 1 51 80 99
7 1 24 87 90 92 97 99
7 1 14 56 57 79 84 96
7 1 59 89 96 97 98 99
5
2
5 1 36 39 92 95
5 1 64 74 83 89
3
3
3 1 50 73
3 1 44 92
3 1 83 99
6
9
6 1 29 42 97 98 99
6 1 31 81 89 95 99
6 1 37 57 77 82 97
2 1 99
6 1 52 69 92 98 99
4 1 97 98 99
5 1 57 93 98 99
6 1 83 89 91 92 94
6 1 57 77 79 83 84
7
6
5 1 88 97 98 99
5 1 15 52 64 99
7 1 39 95 96 97 98 99
5 1 20 93 97 99
6 1 4 91 92 98 99
7 1 84 87 90 95 97 99
3
7
3 1 57 96
3 1 76 92
3 1 8 28
3 1 39 65
3 1 19 76
3 1 78 96
3 1 81 99
5
7
5 1 64 86 88 92
5 1 91 94 96 97
5 1 17 18 71 96
5 1 6 28 80 85
5 1 83 88 90 99
5 1 62 72 91 93
5 1 19 24 25 78
4
5
4 1 53 67 97
4 1 86 89 94
4 1 82 95 98
4 1 30 34 65
4 1 54 70 93
10
2
6 1 69 70 94 97 99
4 1 97 98 99
7
5
4 1 79 92 99
4 1 30 80 99
6 1 69 73 91 94 99
5 1 86 97 98 99
4 1 79 82 99
4
10
4 1 89 93 97
4 1 25 56 97
4 1 45 82 91
4 1 64 98 99
3 1 96 99
4 1 61 75 77
3 1 97 99
4 1 4 61 94
4 1 69 85 91
4 1 9 93 96
9
6
8 1 53 85 89 92 97 98 99
6 1 44 67 78 90 99
7 1 5 81 94 97 98 99
6 1 36 91 93 94 99
6 1 83 87 96 98 99
2 1 99
7
7
4 1 66 98 99
7 1 36 50 88 96 98 99
3 1 93 99
6 1 13 29 90 98 99
7 1 65 78 93 94 95 97
7 1 75 86 90 95 98 99
5 1 89 93 97 99
6
5
6 1 68 92 93 94 99
5 1 56 84 96 99
4 1 94 98 99
6 1 58 60 79 80 86
6 1 69 70 91 94 95
10
2
9 1 5 60 73 85 93 97 98 99
4 1 10 95 99
3
9
3 1 76 83
3 1 91 92
3 1 16 21
3 1 17 98
3 1 88 95
3 1 34 42
3 1 31 32
3 1 19 65
3 1 16 64
9
5
4 1 85 91 99
4 1 77 94 99
8 1 57 78 89 91 96 97 99
6 1 7 55 81 96 99
6 1 57 64 73 97 99
9
6
5 1 73 94 98 99
9 1 19 23 36 60 81 94 95 98
6 1 43 73 90 95 99
6 1 67 71 74 98 99
4 1 96 97 99
9 1 19 49 71 80 82 84 93 94
8
2
5 1 78 95 98 99
3 1 98 99
6
10
3 1 82 99
6 1 91 95 96 98 99
4 1 5 89 99
4 1 46 92 99
6 1 19 26 64 78 99
6 1 26 87 95 96 97
6 1 30 55 61 89 90
5 1 61 93 96 99
6 1 27 44 79 93 99
4 1 25 96 99
7
10
6 1 8 31 65 96 99
7 1 20 93 94 95 98 99
7 1 6 68 75 95 98 99
7 1 13 57 74 76 97 99
6 1 70 75 93 98 99
4 1 85 91 99
7 1 11 46 85 93 95 99
3 1 97 99
4 1 69 98 99
7 1 3 11 33 47 79 90
3
2
3 1 95 98
3 1 68 72
9
5
6 1 58 82 96 98 99
7 1 12 34 66 84 98 99
9 1 4 51 53 56 84 85 98 99
5 1 3 61 92 99
5 1 89 91 97 99
7
3
2 1 99
3 1 96 99
7 1 79 93 95 96 97 98
3
9
3 1 16 72
3 1 66 92
3 1 37 80
3 1 19 73
3 1 39 67
3 1 23 97
3 1 16 63
3 1 38 50
3 1 71 75
4
8
4 1 47 88 91
4 1 6 83 96
4 1 36 91 96
4 1 75 94 96
4 1 62 91 93
4 1 94 97 99
4 1 31 58 62
4 1 2 52 53
9
2
9 1 23 42 71 87 91 96 97 99
8 1 79 83 90 91 96 98 99
9
7
7 1 63 92 96 97 98 99
6 1 64 94 97 98 99
5 1 2 94 98 99
6 1 76 93 97 98 99
6 1 2 13 91 96 99
8 1 22 64 84 88 93 94 99
5 1 78 97 98 99
4
6
4 1 63 89 90
4 1 9 27 29
4 1 79 90 96
3 1 94 99
4 1 89 98 99
4 1 91 98 99
10
7
7 1 18 60 89 95 97 99
4 1 94 98 99
7 1 24 75 82 97 98 99
6 1 19 65 68 78 99
6 1 93 95 97 98 99
5 1 94 95 96 99
6 1 40 72 95 98 99
8
6
5 1 24 60 94 99
8 1 14 21 49 86 97 98 99
5 1 82 89 98 99
6 1 35 49 68 75 99
7 1 56 81 95 96 98 99
4 1 23 91 99
3
6
3 1 95 99
3 1 93 95
3 1 14 35
3 1 32 49
3 1 79 80
3 1 51 85
10
9
6 1 31 72 83 95 99
5 1 52 92 97 99
7 1 10 73 78 91 96 99
5 1 79 97 98 99
6 1 45 53 68 95 99
4 1 83 98 99
10 1 25 60 61 72 88 91 94 98 99
3 1 96 99
7 1 44 80 96 97 98 99
10
7
6 1 51 70 88 90 99
2 1 99
7 1 67 85 91 92 98 99
5 1 93 94 97 99
4 1 93 98 99
6 1 90 94 96 97 99
6 1 3 36 68 88 99
5
6
5 1 32 39 90 98
5 1 35 77 83 92
5 1 17 82 94 97
5 1 60 83 89 97
5 1 6 56 92 96
5 1 62 72 90 97
7
7
7 1 71 83 85 93 94 95
5 1 4 86 98 99
2 1 99
5 1 94 97 98 99
5 1 3 80 84 99
7 1 13 26 37 40 97 98
7 1 28 57 73 88 95 99
4
7
4 1 15 74 91
4 1 17 42 54
4 1 48 74 79
4 1 28 69 71
4 1 31 98 99
4 1 48 82 92
4 1 43 61 68
10
10
10 1 9 22 37 68 80 84 86 98 99
7 1 72 88 95 97 98 99
5 1 16 30 80 99
5 1 80 97 98 99
8 1 25 82 85 86 95 98 99
7 1 35 52 69 80 98 99
9 1 31 61 70 93 94 97 98 99
6 1 78 91 96 97 99
10 1 39 49 50 66 68 73 95 96 98
8 1 50 75 83 91 92 97 99
3
7
3 1 26 99
3 1 30 67
3 1 61 90
3 1 86 98
3 1 37 62
3 1 47 78
3 1 48 85
7
10
4 1 92 98 99
6 1 77 91 94 98 99
7 1 22 58 72 81 89 97
6 1 70 72 84 98 99
5 1 4 92 98 99
5 1 72 89 98 99
5 1 12 21 90 99
5 1 32 86 95 99
7 1 86 87 91 96 98 99
4 1 97 98 99
4
8
4 1 38 77 85
4 1 93 97 99
4 1 33 70 91
4 1 30 72 90
4 1 29 55 67
4 1 72 86 87
4 1 92 93 99
4 1 74 97 98
5
2
5 1 68 81 90 99
5 1 53 70 80 93
7
7
7 1 47 62 71 81 84 89
7 1 43 48 88 93 94 96
4 1 76 79 99
7 1 60 80 83 84 98 99
7 1 2 87 89 90 92 98
5 1 27 77 97 99
7 1 71 89 93 94 96 99
7
5
6 1 78 92 96 98 99
7 1 24 42 77 88 96 97
6 1 44 94 97 98 99
6 1 13 29 93 98 99
5 1 69 85 97 99
5
6
4 1 25 95 99
4 1 92 98 99
4 1 91 94 99
5 1 71 76 83 89
5 1 62 67 86 98
5 1 60 78 96 98
7
3
4 1 58 92 99
7 1 36 51 68 73 85 98
4 1 86 95 99
6
8
5 1 91 93 98 99
6 1 53 73 81 96 99
5 1 12 88 98 99
5 1 34 64 84 99
3 1 94 99
6 1 20 74 90 93 98
6 1 32 50 70 87 97
4 1 68 97 99
9
4
3 1 98 99
8 1 12 70 75 79 95 96 99
4 1 80 98 99
5 1 42 45 62 99
6
3
4 1 83 92 99
6 1 12 53 66 77 96
5 1 71 84 89 99
6
5
5 1 51 92 96 99
4 1 88 96 99
5 1 95 96 98 99
6 1 15 96 97 98 99
2 1 99
6
4
6 1 35 90 91 93 97
6 1 53 89 91 98 99
6 1 19 90 96 98 99
2 1 99
3
4
3 1 28 47
3 1 14 47
3 1 51 69
3 1 70 75
4
8
4 1 32 40 61
4 1 12 78 98
4 1 49 69 72
4 1 25 98 99
4 1 2 69 76
4 1 40 86 89
4 1 52 94 97
4 1 73 75 83
5
7
2 1 99
5 1 12 78 79 89
5 1 56 62 64 82
5 1 37 44 88 95
5 1 66 84 95 98
5 1 92 94 96 99
4 1 75 98 99
6
3
6 1 20 31 53 96 98
5 1 21 91 98 99
6 1 55 95 97 98 99
7
4
5 1 59 80 91 99
4 1 72 91 99
3 1 98 99
7 1 43 73 86 92 97 99
9
2
5 1 49 81 97 99
9 1 12 26 69 77 90 92 98 99
10
9
6 1 71 84 95 97 99
4 1 37 88 99
5 1 81 84 93 99
5 1 52 85 96 99
4 1 78 97 99
7 1 73 80 86 89 97 99
4 1 96 98 99
5 1 91 92 97 99
6 1 33 94 97 98 99
10
4
4 1 54 97 99
5 1 59 96 98 99
6 1 86 91 97 98 99
7 1 7 84 88 96 98 99
9
8
5 1 88 95 98 99
9 1 12 45 71 93 94 96 97 99
5 1 90 96 98 99
5 1 17 74 94 99
7 1 7 87 89 97 98 99
7 1 70 89 91 95 98 99
9 1 66 92 94 95 96 97 98 99
7 1 72 88 91 97 98 99
8
7
4 1 90 98 99
6 1 80 81 95 97 99
4 1 77 87 99
8 1 48 70 72 77 86 94 98
4 1 94 96 99
8 1 57 58 74 94 95 97 98
4 1 73 78 99
7
5
6 1 6 64 94 97 99
7 1 14 55 59 85 88 93
5 1 87 96 98 99
4 1 24 85 99
4 1 90 98 99
8
4
7 1 12 43 94 96 98 99
5 1 76 97 98 99
3 1 35 99
6 1 73 82 92 96 99
6
10
5 1 13 86 97 99
4 1 26 98 99
6 1 77 88 97 98 99
6 1 65 89 90 95 98
5 1 62 92 98 99
6 1 26 88 92 97 99
4 1 86 97 99
6 1 66 70 76 77 81
6 1 37 77 81 96 99
4 1 93 97 99
7
6
7 1 76 95 96 97 98 99
6 1 75 86 87 95 99
6 1 68 93 96 98 99
5 1 90 97 98 99
7 1 18 26 77 81 96 97
7 1 59 85 86 89 93 97
3
3
3 1 4 89
3 1 3 12
3 1 97 99
6
2
6 1 66 86 94 96 97
6 1 55 90 91 98 99
7
9
4 1 64 98 99
6 1 72 74 96 98 99
4 1 94 97 99
5 1 57 96 98 99
7 1 10 42 73 93 96 97
7 1 9 22 52 70 73 89
5 1 22 84 97 99
7 1 15 29 56 59 90 98
3 1 96 99
5
4
4 1 96 98 99
2 1 99
5 1 35 36 80 96
5 1 53 59 68 87
4
2
4 1 12 76 82
4 1 9 70 98
10
5
6 1 68 73 97 98 99
8 1 32 66 70 88 96 98 99
3 1 97 99
5 1 78 90 97 99
4 1 73 76 99
10
4
5 1 82 95 97 99
8 1 53 59 71 77 94 98 99
8 1 47 70 87 93 94 98 99
2 1 99
6
7
6 1 4 55 64 97 99
6 1 25 66 85 87 96
3 1 95 99
5 1 50 66 85 99
5 1 53 97 98 99
6 1 76 93 96 97 99
6 1 28 55 81 83 91
10
4
6 1 30 89 94 95 99
6 1 40 65 92 96 99
7 1 26 33 45 66 87 99
6 1 14 57 92 93 99
9
10
5 1 72 85 98 99
6 1 88 94 96 98 99
2 1 99
9 1 35 54 56 86 91 96 98 99
5 1 61 96 98 99
6 1 94 95 96 98 99
7 1 72 83 88 93 98 99
7 1 74 79 96 97 98 99
7 1 65 66 88 96 97 99
7 1 40 69 76 89 97 99
9
2
9 1 46 58 74 82 84 92 94 98
6 1 79 94 97 98 99
7
6
7 1 46 84 91 95 98 99
5 1 11 81 98 99
7 1 46 91 94 95 97 99
7 1 49 83 85 97 98 99
7 1 12 70 74 76 80 89
7 1 12 50 53 77 98 99
3
10
3 1 71 97
3 1 29 94
3 1 11 81
3 1 23 47
3 1 54 76
3 1 93 98
3 1 44 96
3 1 82 85
3 1 83 98
3 1 66 99
3
10
3 1 52 96
3 1 14 23
3 1 86 97
3 1 61 96
3 1 64 77
3 1 59 71
3 1 2 41
3 1 97 98
3 1 73 77
3 1 38 43
3
4
3 1 49 89
3 1 60 65
3 1 27 58
3 1 91 98
6
7
5 1 32 44 78 99
3 1 95 99
4 1 9 83 99
6 1 12 93 95 96 99
5 1 93 97 98 99
4 1 59 68 99
6 1 4 17 32 77 95
5
9
5 1 30 36 81 96
5 1 55 66 81 98
5 1 90 95 98 99
5 1 75 76 90 94
5 1 87 89 97 99
2 1 99
5 1 38 75 84 90
4 1 29 96 99
5 1 62 74 91 93
7
2
6 1 71 75 79 98 99
6 1 44 47 81 92 99
6
7
6 1 75 78 87 96 99
6 1 25 36 89 97 98
5 1 24 56 94 99
6 1 31 41 74 91 98
6 1 68 92 95 98 99
4 1 86 92 99
3 1 63 99
9
7
6 1 5 78 83 93 99
7 1 79 88 92 94 97 99
7 1 28 74 90 97 98 99
2 1 99
5 1 95 97 98 99
8 1 10 37 43 92 93 97 99
7 1 26 72 80 81 98 99
5
3
3 1 98 99
5 1 18 57 66 69
5 1 30 39 68 82
7
4
7 1 11 44 77 81 95 96
7 1 55 57 80 90 94 97
6 1 36 70 78 88 99
7 1 37 57 70 79 88 91
9
7
6 1 93 96 97 98 99
5 1 69 84 98 99
8 1 50 54 65 89 90 93 99
6 1 10 88 95 98 99
7 1 34 72 89 90 98 99
9 1 27 74 81 83 95 97 98 99
6 1 68 71 94 95 99
4
9
4 1 72 97 98
4 1 87 97 99
4 1 8 81 92
4 1 40 42 65
4 1 69 86 92
4 1 64 66 76
4 1 20 44 93
4 1 16 24 87
4 1 75 83 87
9
9
4 1 88 98 99
4 1 14 59 99
4 1 95 98 99
4 1 21 75 99
7 1 28 65 82 92 96 99
6 1 8 34 92 98 99
7 1 31 61 70 96 98 99
4 1 39 91 99
5 1 67 85 90 99
8
7
3 1 24 99
3 1 96 99
4 1 33 97 99
4 1 79 98 99
6 1 86 96 97 98 99
8 1 14 34 49 80 90 96 98
4 1 69 98 99
9
8
5 1 52 95 98 99
7 1 31 74 90 97 98 99
8 1 24 89 91 93 97 98 99
5 1 25 85 97 99
5 1 87 97 98 99
5 1 6 79 98 99
5 1 19 79 88 99
5 1 26 80 97 99
8
7
6 1 27 55 95 97 99
5 1 7 97 98 99
8 1 59 70 74 80 87 91 95
5 1 76 79 88 99
5 1 30 71 96 99
3 1 97 99
6 1 35 84 87 94 99
4
4
4 1 85 94 98
4 1 57 59 64
4 1 46 91 93
4 1 56 70 85
3
7
3 1 79 94
3 1 3 50
3 1 51 93
3 1 34 71
3 1 92 97
3 1 28 79
3 1 24 82
6
7
6 1 43 48 73 97 99
6 1 59 91 96 97 98
6 1 49 87 97 98 99
6 1 30 96 97 98 99
4 1 58 97 99
6 1 70 92 95 98 99
6 1 36 60 75 80 84
7
5
6 1 43 50 67 85 99
6 1 14 93 97 98 99
4 1 91 98 99
7 1 4 8 15 97 98 99
5 1 92 96 98 99
5
10
5 1 38 54 83 91
5 1 70 95 97 99
5 1 78 79 97 99
5 1 84 87 88 89
5 1 7 10 75 96
5 1 23 87 91 98
4 1 37 88 99
5 1 89 94 95 97
5 1 79 89 98 99
5 1 71 94 95 99
4
8
4 1 85 96 97
4 1 51 66 98
4 1 79 94 97
4 1 80 98 99
4 1 18 85 86
4 1 21 76 96
4 1 37 89 90
4 1 25 72 88
7
2
7 1 9 26 77 91 93 97
7 1 3 66 70 84 89 92
6
3
6 1 51 52 59 87 98
6 1 67 70 76 93 99
6 1 80 81 84 89 95
7
10
4 1 91 97 99
3 1 90 99
7 1 65 67 94 95 98 99
7 1 25 73 82 92 95 96
7 1 47 60 70 90 92 95
6 1 82 90 97 98 99
7 1 30 32 36 66 83 86
4 1 86 88 99
2 1 99
5 1 82 96 98 99
7
6
4 1 80 98 99
7 1 4 57 85 92 97 98
5 1 5 62 97 99
7 1 13 56 75 89 90 98
5 1 19 78 98 99
7 1 36 65 90 94 98 99
7
4
6 1 72 94 95 96 99
7 1 51 77 80 82 84 87
4 1 84 91 99
7 1 27 32 65 88 97 99
9
6
5 1 85 89 98 99
6 1 32 53 58 92 99
7 1 63 76 77 88 98 99
4 1 42 98 99
4 1 92 98 99
5 1 55 83 92 99
5
8
5 1 42 80 81 88
4 1 68 87 99
5 1 80 83 85 99
5 1 27 66 74 88
5 1 67 80 93 95
5 1 31 76 83 87
5 1 77 81 83 86
5 1 36 41 53 60
3
6
3 1 70 79
3 1 88 94
3 1 50 84
3 1 71 90
3 1 5 66
3 1 46 64
4
7
4 1 64 67 90
4 1 19 29 56
4 1 64 71 72
4 1 72 92 99
4 1 74 76 84
4 1 3 19 42
4 1 49 50 99
8
3
5 1 76 80 98 99
8 1 78 84 87 90 95 97 98
8 1 86 87 88 91 93 98 99
4
4
4 1 36 91 94
4 1 66 86 90
4 1 3 36 89
4 1 95 98 99
7
5
4 1 95 96 99
4 1 93 96 99
5 1 69 94 96 99
5 1 71 84 98 99
4 1 61 72 99
8
2
5 1 35 82 98 99
6 1 14 94 96 97 99
5
4
5 1 13 69 98 99
3 1 98 99
3 1 96 99
5 1 49 66 67 95
4
10
4 1 36 57 73
4 1 57 92 97
4 1 30 46 95
4 1 6 95 99
4 1 38 84 97
4 1 25 32 57
4 1 30 65 74
4 1 40 59 75
4 1 76 98 99
4 1 65 85 95
10
9
4 1 32 87 99
6 1 17 49 70 98 99
4 1 68 89 99
3 1 41 99
9 1 58 86 92 94 96 97 98 99
5 1 78 90 97 99
6 1 77 79 90 91 99
9 1 53 76 77 83 95 96 98 99
6 1 24 65 81 96 99
8
8
8 1 9 22 78 80 84 95 97
7 1 21 51 65 97 98 99
8 1 20 24 59 71 74 90 97
3 1 86 99
6 1 59 74 96 98 99
7 1 29 57 88 90 98 99
7 1 48 70 80 96 98 99
5 1 13 88 98 99
10
10
4 1 40 98 99
6 1 29 31 66 91 99
5 1 7 90 98 99
5 1 86 96 98 99
4 1 69 88 99
4 1 25 98 99
2 1 99
6 1 62 72 79 97 99
4 1 88 98 99
4 1 17 78 99
4
7
4 1 76 87 96
4 1 90 97 98
4 1 80 91 93
4 1 13 80 81
4 1 23 38 89
4 1 11 60 69
4 1 53 70 76
10
3
5 1 13 56 98 99
8 1 38 54 87 91 93 95 99
6 1 33 35 42 47 99
3
4
3 1 77 87
3 1 79 90
3 1 56 99
3 1 98 99
10
10
6 1 23 51 94 97 99
6 1 67 86 92 97 99
2 1 99
4 1 85 94 99
4 1 94 98 99
4 1 83 98 99
9 1 52 64 71 84 96 97 98 99
9 1 55 77 93 95 96 97 98 99
7 1 33 35 94 96 98 99
4 1 28 96 99
7
3
7 1 51 56 85 91 95 98
6 1 84 91 96 98 99
7 1 76 91 94 97 98 99
3
3
3 1 3 67
3 1 12 53
3 1 60 97
10
7
6 1 81 88 92 95 99
4 1 83 91 99
6 1 31 63 97 98 99
4 1 51 98 99
6 1 63 64 74 98 99
7 1 37 79 80 94 95 99
8 1 10 44 61 79 93 96 99
9
9
3 1 97 99
5 1 93 95 96 99
7 1 57 83 89 95 96 99
6 1 69 83 91 98 99
4 1 85 98 99
8 1 43 66 67 94 97 98 99
8 1 8 41 49 81 89 98 99
5 1 20 93 94 99
8 1 9 23 90 91 95 97 99
9
9
8 1 55 82 83 89 94 97 99
4 1 92 97 99
5 1 86 96 98 99
6 1 70 83 93 95 99
6 1 59 84 91 98 99
4 1 14 84 99
5 1 90 93 97 99
6 1 90 94 95 98 99
5 1 61 72 96 99
8
5
7 1 71 81 90 91 98 99
5 1 79 93 96 99
7 1 21 82 92 96 98 99
4 1 5 88 99
8 1 6 10 64 92 97 98 99
9
3
6 1 62 73 79 98 99
5 1 66 91 97 99
9 1 7 18 90 95 96 97 98 99
4
3
4 1 75 93 95
4 1 13 29 53
4 1 63 93 96
8
10
5 1 34 63 98 99
6 1 20 75 96 98 99
7 1 73 92 95 96 97 99
6 1 62 88 97 98 99
5 1 20 81 85 99
5 1 92 93 97 99
8 1 9 82 86 91 94 95 96
6 1 49 66 75 83 99
4 1 92 96 99
6 1 51 81 92 96 99
5
8
5 1 70 86 96 98
5 1 39 83 86 99
4 1 96 97 99
5 1 93 96 98 99
5 1 95 96 98 99
5 1 9 87 90 95
5 1 86 89 94 95
5 1 8 82 86 98
5
4
5 1 20 62 64 87
5 1 22 48 93 98
5 1 71 79 95 98
5 1 11 73 83 89
3
7
3 1 72 79
3 1 57 61
3 1 85 93
3 1 25 84
3 1 8 67
3 1 47 97
3 1 69 77
4
2
4 1 96 97 99
4 1 22 82 99
9
3
4 1 80 87 99
9 1 42 52 56 61 89 95 98 99
6 1 22 65 71 96 99
9
4
7 1 53 60 85 90 97 99
7 1 59 78 84 96 97 99
4 1 89 94 99
4 1 94 97 99
10
9
8 1 62 81 87 91 93 98 99
8 1 65 74 90 95 96 97 99
8 1 54 85 90 91 94 98 99
9 1 14 53 68 94 95 96 98 99
7 1 55 67 81 92 97 99
4 1 79 97 99
9 1 14 18 36 79 88 97 98 99
5 1 64 80 83 99
5 1 64 73 96 99
3
4
3 1 31 77
3 1 84 89
3 1 37 60
3 1 85 88
9
7
9 1 67 74 78 91 92 96 98 99
8 1 85 91 92 93 97 98 99
6 1 11 92 95 97 99
4 1 28 98 99
6 1 25 79 97 98 99
3 1 97 99
4 1 97 98 99
9
3
4 1 86 93 99
5 1 4 78 86 99
7 1 61 80 83 96 97 99
3
9
3 1 94 99
3 1 3 18
3 1 75 85
3 1 68 89
3 1 41 46
3 1 51 66
3 1 57 74
3 1 59 60
3 1 96 98
9
7
5 1 60 88 98 99
6 1 22 76 95 97 99
6 1 40 84 96 97 99
9 1 12 26 39 46 59 75 82 95
8 1 2 17 63 95 97 98 99
6 1 42 68 85 98 99
7 1 52 86 91 92 97 99
4
7
4 1 18 68 87
4 1 18 62 82
4 1 29 94 95
4 1 89 94 96
4 1 6 33 39
4 1 41 63 79
4 1 25 37 57
6
7
6 1 10 44 65 96 98
6 1 24 60 68 73 84
6 1 68 71 88 94 96
6 1 36 87 89 93 98
6 1 6 10 77 96 98
4 1 91 95 99
6 1 48 86 90 97 99
6
10
6 1 60 78 95 96 98
6 1 47 76 78 98 99
4 1 48 60 99
6 1 80 87 94 98 99
5 1 51 63 98 99
6 1 51 79 85 96 99
5 1 56 86 90 99
4 1 58 96 99
6 1 11 52 80 91 96
6 1 25 69 90 91 98
9
7
7 1 58 87 91 96 97 99
7 1 38 60 65 95 96 99
8 1 77 85 89 94 95 98 99
5 1 42 91 96 99
6 1 73 80 87 94 99
8 1 35 70 84 86 96 98 99
5 1 92 95 96 99
7
7
4 1 72 85 99
6 1 66 91 93 97 99
7 1 62 63 66 78 95 98
6 1 50 53 68 83 99
3 1 98 99
6 1 61 84 94 98 99
4 1 9 91 99
10
5
3 1 77 99
9 1 42 45 70 71 76 86 98 99
5 1 37 93 98 99
10 1 2 58 80 84 92 93 97 98 99
3 1 89 99
8
7
6 1 71 80 85 96 99
8 1 43 54 59 61 92 96 98
6 1 72 74 89 96 99
6 1 26 30 44 98 99
3 1 95 99
3 1 86 99
5 1 92 96 98 99
6
5
4 1 37 97 99
6 1 4 50 77 84 92
6 1 93 95 96 97 98
4 1 97 98 99
6 1 46 66 95 97 99
4
10
4 1 62 64 87
4 1 8 33 72
4 1 74 92 98
4 1 4 47 67
4 1 59 95 99
4 1 42 50 72
4 1 51 64 87
4 1 55 57 78
4 1 64 73 78
4 1 46 73 83
4
8
4 1 35 51 93
3 1 93 99
4 1 10 78 96
4 1 28 73 92
4 1 32 49 66
4 1 3 6 38
3 1 96 99
4 1 17 59 83
8
10
8 1 13 15 31 43 48 74 89
5 1 82 89 96 99
6 1 44 56 64 84 99
4 1 35 80 99
3 1 53 99
5 1 84 94 95 99
6 1 55 86 93 98 99
5 1 88 93 98 99
6 1 70 72 79 97 99
8 1 51 56 86 90 96 97 99
10
9
4 1 86 87 99
5 1 92 97 98 99
10 1 23 32 66 73 90 93 95 96 97
6 1 74 83 93 98 99
9 1 24 35 50 73 89 92 97 99
5 1 76 81 88 99
3 1 92 99
4 1 53 97 99
6 1 35 84 89 97 99
5
2
4 1 51 98 99
5 1 19 23 97 99
4
4
3 1 93 99
4 1 88 95 97
4 1 75 89 93
4 1 8 78 89
5
7
4 1 67 96 99
5 1 92 96 97 99
5 1 93 94 98 99
5 1 68 71 75 84
5 1 6 51 63 86
5 1 67 68 74 85
5 1 16 70 93 98
9
7
7 1 22 57 78 94 98 99
4 1 71 96 99
5 1 49 86 93 99
8 1 59 72 95 96 97 98 99
8 1 3 44 82 92 94 96 99
6 1 73 92 95 98 99
8 1 9 28 75 83 96 98 99
6
10
5 1 69 95 98 99
5 1 69 93 95 99
6 1 26 66 76 92 94
6 1 51 91 97 98 99
6 1 39 45 93 94 95
5 1 80 87 98 99
5 1 69 86 89 99
5 1 57 66 94 99
2 1 99
6 1 35 59 72 80 98
8
7
7 1 84 85 92 97 98 99
4 1 83 86 99
5 1 66 81 89 99
4 1 50 74 99
7 1 62 89 93 96 98 99
3 1 97 99
7 1 65 88 89 92 97 99
6
3
6 1 45 87 90 97 98
3 1 92 99
4 1 93 95 99
3
5
3 1 22 86
3 1 52 99
3 1 87 89
3 1 97 99
3 1 81 86
4
9
4 1 89 90 92
3 1 26 99
4 1 19 61 79
4 1 19 35 69
4 1 75 92 93
4 1 50 60 68
4 1 55 84 97
4 1 73 84 93
4 1 74 82 92
3
7
3 1 67 88
3 1 25 56
3 1 76 94
3 1 38 49
3 1 87 96
3 1 67 87
3 1 44 88
3
4
3 1 9 56
3 1 52 78
3 1 95 98
3 1 50 69
10
9
8 1 34 43 56 79 97 98 99
7 1 27 73 86 90 98 99
8 1 42 62 75 78 95 98 99
7 1 15 43 88 93 95 99
9 1 40 51 77 82 84 85 90 99
3 1 62 99
10 1 77 87 88 89 90 95 96 98 99
10 1 18 31 42 88 90 94 95 97 99
9 1 42 49 72 83 95 97 98 99
5
7
4 1 47 91 99
5 1 10 32 56 76
5 1 66 74 88 96
5 1 50 51 98 99
3 1 92 99
5 1 49 82 84 87
5 1 72 80 98 99
4
8
3 1 92 99
4 1 38 89 93
4 1 82 90 96
4 1 45 78 84
4 1 67 94 97
4 1 77 92 99
4 1 37 88 93
4 1 86 89 95
5
2
4 1 57 77 99
5 1 57 71 74 93
9
9
7 1 11 20 64 86 97 99
6 1 80 90 96 98 99
9 1 23 90 93 94 95 97 98 99
4 1 91 97 99
3 1 86 99
9 1 21 52 72 78 82 88 98 99
5 1 75 94 98 99
3 1 98 99
8 1 29 54 56 83 93 97 99
5
7
5 1 49 55 62 82
5 1 48 84 87 89
5 1 17 64 66 90
5 1 12 39 76 97
5 1 23 42 79 96
5 1 32 47 90 96
5 1 35 93 97 98
4
8
4 1 4 48 97
4 1 13 91 93
4 1 18 69 72
4 1 23 53 99
4 1 17 80 89
3 1 97 99
4 1 32 39 55
4 1 3 76 91
4
6
4 1 74 75 93
4 1 64 85 92
4 1 76 81 93
3 1 88 99
4 1 89 98 99
4 1 21 48 60
9
7
5 1 94 97 98 99
5 1 88 93 96 99
6 1 67 85 86 94 99
9 1 18 68 69 80 88 89 94 97
7 1 16 32 59 95 96 99
9 1 19 27 58 59 69 71 72 83
3 1 94 99
10
10
5 1 18 25 81 99
4 1 85 97 99
9 1 17 22 50 94 95 96 97 99
6 1 36 59 92 97 99
10 1 22 23 65 77 86 91 95 97 98
7 1 38 56 92 97 98 99
5 1 60 73 98 99
7 1 22 85 86 92 98 99
5 1 57 92 96 99
4 1 21 95 99
8
6
6 1 41 67 94 98 99
4 1 38 56 99
6 1 13 48 56 98 99
6 1 71 86 97 98 99
5 1 36 94 97 99
5 1 8 71 94 99
4
7
4 1 25 40 66
4 1 51 93 96
4 1 85 88 92
4 1 92 97 98
4 1 48 62 89
4 1 43 47 69
4 1 28 38 73
9
5
6 1 79 86 91 93 99
5 1 43 65 83 99
5 1 88 89 96 99
5 1 46 83 85 99
6 1 82 87 90 91 99
4
4
3 1 91 99
4 1 36 89 99
4 1 72 87 99
4 1 11 84 88
3
2
3 1 35 68
3 1 47 84
10
9
3 1 95 99
6 1 91 94 96 98 99
7 1 16 36 63 95 98 99
7 1 2 62 78 82 95 99
6 1 71 84 85 91 99
7 1 19 63 89 90 95 99
6 1 79 89 92 97 99
4 1 37 83 99
8 1 26 42 68 77 93 97 99
3
7
3 1 41 80
3 1 11 50
3 1 66 79
3 1 53 54
3 1 66 72
3 1 11 77
3 1 39 43
4
10
2 1 99
4 1 51 86 94
4 1 5 6 84
4 1 9 13 54
4 1 67 83 88
4 1 10 80 93
4 1 13 56 89
4 1 73 94 99
4 1 84 93 95
4 1 34 43 82
7
6
7 1 67 86 93 96 98 99
5 1 87 94 98 99
6 1 31 87 96 98 99
7 1 2 49 95 96 98 99
6 1 28 76 97 98 99
5 1 50 90 94 99
5
8
4 1 14 88 99
5 1 71 90 91 96
5 1 76 87 94 99
5 1 36 86 97 99
5 1 85 87 98 99
5 1 32 71 72 97
5 1 15 95 96 97
5 1 42 68 97 98
9
9
6 1 80 81 94 97 99
8 1 80 83 85 90 96 98 99
5 1 75 89 98 99
6 1 48 89 97 98 99
6 1 57 89 91 98 99
6 1 48 83 95 98 99
4 1 29 77 99
9 1 23 75 82 84 90 95 96 99
6 1 82 86 90 92 99
9
4
8 1 42 70 86 91 97 98 99
8 1 73 77 87 88 94 98 99
3 1 76 99
5 1 5 9 97 99
8
6
6 1 75 95 96 98 99
6 1 56 86 91 96 99
6 1 78 96 97 98 99
6 1 63 78 90 91 99
8 1 39 60 78 79 83 85 86
8 1 74 78 88 91 93 96 97
10
5
7 1 63 94 95 96 98 99
7 1 74 77 87 95 98 99
4 1 72 93 99
9 1 49 74 80 87 88 95 98 99
6 1 70 86 96 98 99
10
4
9 1 6 35 67 88 91 94 97 99
5 1 4 7 97 99
6 1 74 93 96 98 99
6 1 68 91 93 95 99
4
3
4 1 83 91 94
4 1 8 73 98
4 1 60 92 99
10
9
6 1 59 89 97 98 99
2 1 99
3 1 9 99
6 1 12 96 97 98 99
6 1 36 84 91 98 99
5 1 28 88 94 99
6 1 69 86 88 93 99
4 1 96 97 99
9 1 35 36 87 90 94 97 98 99
7
2
4 1 96 97 99
4 1 11 47 99
4
3
4 1 11 39 45
4 1 60 85 88
4 1 4 39 76
3
8
3 1 38 78
3 1 60 88
3 1 73 90
3 1 62 93
3 1 27 67
3 1 59 60
3 1 75 79
3 1 33 39
10
5
6 1 42 52 60 98 99
5 1 60 97 98 99
7 1 41 48 90 93 97 99
3 1 98 99
4 1 47 93 99
4
7
4 1 62 68 89
4 1 2 23 48
4 1 12 84 97
4 1 36 75 78
4 1 80 88 93
4 1 53 75 85
4 1 27 53 65
9
8
6 1 83 87 93 95 99
4 1 66 98 99
6 1 29 62 96 98 99
6 1 70 86 91 98 99
6 1 4 80 86 98 99
6 1 90 93 94 98 99
6 1 20 55 95 96 99
5 1 45 85 89 99
10
10
4 1 66 98 99
10 1 2 15 25 62 66 93 95 97 98
3 1 97 99
6 1 82 92 97 98 99
6 1 30 95 96 98 99
7 1 27 65 78 93 94 99
5 1 85 95 97 99
7 1 35 66 88 94 97 99
6 1 75 85 96 98 99
6 1 80 86 94 97 99
3
10
3 1 52 90
3 1 68 69
3 1 23 39
3 1 47 64
3 1 49 71
3 1 71 73
3 1 55 58
3 1 11 41
3 1 84 99
3 1 36 55
6
8
4 1 80 95 99
6 1 60 64 95 97 99
6 1 23 75 89 96 97
6 1 22 70 75 95 97
6 1 47 69 77 82 93
6 1 27 81 87 88 95
6 1 7 43 44 73 74
6 1 45 52 55 80 82
7
6
6 1 66 80 91 98 99
7 1 31 66 83 91 94 96
6 1 81 95 97 98 99
4 1 66 96 99
3 1 96 99
6 1 62 77 93 96 99
7
7
3 1 98 99
7 1 40 54 60 75 90 92
7 1 85 90 91 94 95 96
7 1 73 74 75 96 98 99
4 1 97 98 99
6 1 26 89 95 96 99
7 1 85 89 93 96 98 99
4
9
2 1 99
3 1 36 99
4 1 49 87 88
4 1 43 88 99
3 1 97 99
4 1 41 53 62
4 1 51 83 87
4 1 26 30 93
4 1 27 90 95
5
4
5 1 48 51 80 85
5 1 79 95 97 99
5 1 69 70 94 95
5 1 71 81 93 96
6
7
4 1 43 98 99
4 1 88 98 99
6 1 38 83 94 95 97
6 1 36 51 53 66 74
6 1 27 41 90 91 96
4 1 57 92 99
3 1 90 99
4
7
4 1 36 89 96
4 1 88 96 97
4 1 30 63 83
4 1 64 89 92
4 1 36 96 98
4 1 47 59 61
4 1 34 64 67
6
3
5 1 66 89 95 99
5 1 11 82 97 99
5 1 53 97 98 99
8
8
8 1 71 77 87 90 92 97 99
7 1 49 56 80 92 98 99
8 1 40 43 89 92 96 97 98
4 1 88 95 99
7 1 26 66 69 72 97 99
6 1 3 47 66 82 99
7 1 24 54 66 81 95 99
5 1 24 57 98 99
3
7
3 1 18 99
3 1 49 95
3 1 35 55
3 1 95 99
3 1 39 48
3 1 29 80
3 1 3 20
5
4
5 1 67 93 98 99
5 1 9 86 98 99
4 1 95 96 99
5 1 95 96 98 99
7
10
7 1 13 22 29 48 76 99
7 1 42 93 95 97 98 99
7 1 82 87 88 93 97 98
7 1 64 65 67 97 98 99
4 1 74 91 99
4 1 86 98 99
5 1 69 74 94 99
7 1 7 10 77 95 98 99
6 1 64 79 83 84 99
3 1 57 99
9
9
6 1 31 93 94 98 99
5 1 66 72 97 99
6 1 20 84 94 97 99
8 1 21 38 61 64 84 98 99
8 1 81 83 87 95 97 98 99
4 1 18 96 99
4 1 51 90 99
6 1 15 74 86 95 99
6 1 63 94 97 98 99
9
10
6 1 68 85 95 98 99
9 1 7 77 82 88 94 97 98 99
7 1 69 70 85 89 93 99
6 1 64 92 94 98 99
5 1 12 42 86 99
9 1 15 42 70 94 96 97 98 99
7 1 4 49 54 70 91 99
9 1 16 44 57 67 80 83 85 97
4 1 28 62 99
4 1 36 93 99
8
2
6 1 12 82 92 93 99
8 1 49 52 61 77 83 90 93
9
10
4 1 95 98 99
5 1 22 96 98 99
6 1 38 41 97 98 99
6 1 36 85 97 98 99
6 1 91 92 94 95 99
5 1 76 93 98 99
4 1 47 97 99
4 1 97 98 99
6 1 57 90 96 97 99
9 1 22 33 55 63 84 96 97 98
4
7
4 1 9 76 78
4 1 26 53 99
4 1 22 58 64
4 1 79 98 99
4 1 50 95 98
4 1 85 86 97
4 1 54 73 76
3
10
3 1 38 83
3 1 57 62
3 1 66 70
3 1 4 35
3 1 93 98
3 1 66 97
3 1 2 7
3 1 28 86
3 1 7 69
3 1 89 97
6
5
6 1 51 85 87 92 93
6 1 9 71 81 86 99
6 1 25 76 81 92 98
4 1 72 95 99
2 1 99
4
3
4 1 22 41 69
4 1 49 90 97
4 1 56 84 95
6
7
6 1 71 94 96 97 99
4 1 84 90 99
5 1 20 94 98 99
6 1 7 35 50 55 79
6 1 64 74 85 92 99
6 1 46 78 94 98 99
4 1 78 87 99
7
6
6 1 67 93 96 97 99
6 1 47 65 76 98 99
5 1 67 94 97 99
4 1 37 91 99
6 1 26 65 91 96 99
7 1 16 67 79 82 93 97
10
2
5 1 87 91 96 99
8 1 78 80 81 83 97 98 99
4
2
4 1 16 37 75
4 1 91 94 98
5
5
5 1 89 93 97 99
3 1 55 99
5 1 68 83 98 99
5 1 92 93 95 96
5 1 72 83 90 92
7
7
7 1 40 71 84 91 95 97
7 1 37 46 81 96 98 99
7 1 59 72 75 89 97 98
6 1 46 62 78 82 99
6 1 31 58 86 98 99
7 1 14 31 58 91 98 99
3 1 7 99
4
8
4 1 69 96 98
2 1 99
4 1 50 62 66
4 1 18 57 59
4 1 80 96 97
4 1 5 17 89
4 1 81 95 97
4 1 33 34 62
10
6
7 1 16 83 89 92 97 99
10 1 10 44 54 94 95 96 97 98 99
4 1 74 96 99
5 1 92 96 98 99
5 1 47 95 97 99
9 1 7 30 47 71 90 97 98 99
8
5
8 1 65 71 75 92 95 97 99
4 1 97 98 99
8 1 45 68 82 83 89 97 99
7 1 66 89 94 95 96 99
7 1 35 39 61 78 91 99
3
6
3 1 24 70
3 1 20 79
3 1 9 60
3 1 26 84
3 1 59 75
3 1 31 66
4
4
4 1 73 86 87
4 1 89 94 98
4 1 31 64 97
3 1 98 99
5
4
4 1 92 98 99
5 1 56 59 74 99
5 1 9 46 88 90
4 1 76 98 99
7
9
3 1 41 99
7 1 16 31 44 48 49 87
7 1 60 87 93 95 97 98
7 1 64 75 92 95 96 98
7 1 46 71 88 95 96 97
7 1 41 89 93 94 95 97
7 1 56 68 72 91 97 99
6 1 47 87 97 98 99
5 1 95 97 98 99
9
5
9 1 57 65 70 83 90 93 95 98
4 1 96 97 99
6 1 84 89 91 97 99
4 1 74 92 99
6 1 15 53 83 96 99
10
2
5 1 32 75 80 99
8 1 33 88 89 92 97 98 99
6
10
6 1 88 90 91 94 96
5 1 85 89 93 99
6 1 19 27 86 87 93
6 1 11 74 83 86 97
5 1 78 85 96 99
6 1 92 93 96 98 99
5 1 21 96 98 99
6 1 9 37 54 91 94
6 1 82 96 97 98 99
6 1 43 78 86 87 92
6
7
6 1 35 83 91 96 97
6 1 43 78 92 95 96
2 1 99
6 1 27 47 56 72 99
4 1 75 86 99
6 1 28 87 90 92 93
6 1 79 93 94 97 99
3
3
3 1 86 92
3 1 78 91
3 1 27 64
5
6
4 1 76 98 99
4 1 86 92 99
5 1 83 84 92 94
5 1 55 86 97 99
5 1 75 84 94 96
5 1 7 96 97 98
6
2
6 1 87 92 93 95 97
6 1 19 47 64 89 97
8
5
8 1 14 68 85 90 94 96 97
7 1 87 90 93 97 98 99
5 1 7 77 95 99
7 1 44 45 66 97 98 99
8 1 36 56 65 83 90 92 94
3
5
3 1 29 89
3 1 65 90
3 1 47 83
3 1 54 57
3 1 95 99
6
3
5 1 71 93 98 99
6 1 78 81 83 98 99
6 1 35 90 92 95 96
3
8
3 1 17 37
3 1 7 22
2 1 99
3 1 50 61
3 1 19 24
3 1 2 61
3 1 25 80
3 1 96 99
8
3
5 1 84 96 98 99
6 1 88 95 97 98 99
7 1 28 83 91 92 98 99
10
4
7 1 21 47 50 86 98 99
4 1 54 95 99
7 1 37 55 79 96 98 99
5 1 12 16 70 99
9
9
3 1 32 99
4 1 79 98 99
9 1 65 80 82 91 93 97 98 99
4 1 78 87 99
6 1 3 82 86 98 99
9 1 7 41 67 90 95 97 98 99
4 1 97 98 99
6 1 29 85 97 98 99
8 1 54 83 84 95 96 98 99
5
4
5 1 32 68 88 95
5 1 56 90 98 99
5 1 37 42 71 83
5 1 8 44 95 99
9
4
8 1 44 50 68 89 90 91 99
7 1 19 54 65 97 98 99
7 1 37 44 73 87 98 99
5 1 27 88 98 99
4
5
4 1 30 55 65
4 1 75 78 98
4 1 44 47 78
4 1 17 62 95
4 1 41 42 75
4
5
4 1 14 17 52
4 1 22 41 55
3 1 96 99
4 1 21 88 95
4 1 36 88 89
3
4
3 1 19 66
3 1 23 24
3 1 84 97
3 1 11 55
7
8
5 1 31 95 96 99
5 1 27 60 73 99
6 1 74 91 95 97 99
7 1 10 14 48 74 97 98
6 1 11 79 88 96 99
7 1 31 33 44 67 73 95
7 1 18 37 74 85 96 99
7 1 19 36 75 91 97 99
8
5
5 1 85 86 98 99
6 1 77 93 95 98 99
8 1 4 42 44 50 95 98 99
6 1 65 86 87 90 99
6 1 80 85 89 98 99
5
9
4 1 97 98 99
5 1 77 97 98 99
5 1 31 81 91 99
4 1 25 97 99
3 1 97 99
5 1 6 85 87 95
5 1 15 64 78 88
5 1 60 64 87 98
4 1 94 95 99
4
9
4 1 41 92 96
4 1 43 62 75
4 1 13 88 91
4 1 6 10 39
4 1 33 74 75
4 1 42 96 98
3 1 66 99
4 1 62 74 81
4 1 89 95 97
4
6
4 1 10 38 43
4 1 8 17 89
4 1 88 95 99
4 1 29 55 82
4 1 22 28 68
4 1 81 82 95
9
2
7 1 86 93 95 97 98 99
6 1 19 49 54 95 99
7
7
5 1 93 97 98 99
4 1 33 52 99
7 1 51 77 88 89 93 96
5 1 4 65 98 99
6 1 41 94 97 98 99
5 1 58 89 97 99
4 1 72 96 99
6
9
5 1 77 87 97 99
6 1 63 69 72 97 99
5 1 55 97 98 99
4 1 96 97 99
5 1 88 94 97 99
6 1 24 50 62 71 81
6 1 36 76 97 98 99
5 1 27 67 98 99
6 1 35 42 46 65 85
9
6
4 1 18 97 99
5 1 74 78 92 99
4 1 75 97 99
4 1 23 98 99
9 1 9 22 75 81 87 95 97 99
7 1 34 50 91 92 98 99
5
2
3 1 82 99
4 1 69 88 99
8
9
7 1 71 83 87 92 95 99
7 1 52 56 58 78 97 99
5 1 32 42 98 99
7 1 48 63 71 85 98 99
6 1 78 85 88 93 99
5 1 62 86 96 99
6 1 75 79 89 98 99
4 1 83 90 99
4 1 75 98 99
10
4
10 1 24 30 43 59 76 94 96 98 99
5 1 37 94 98 99
7 1 51 63 91 97 98 99
7 1 40 87 89 93 97 99
5
6
5 1 38 84 96 98
5 1 17 29 36 64
5 1 38 82 96 97
5 1 67 90 95 97
5 1 4 87 97 98
5 1 61 81 90 95
4
7
4 1 55 75 80
4 1 61 80 88
3 1 8 99
4 1 11 90 99
4 1 22 76 91
4 1 83 88 95
4 1 48 66 68
4
5
4 1 34 64 71
4 1 65 90 91
4 1 70 84 92
4 1 13 95 97
4 1 64 83 97
3
5
3 1 79 92
3 1 44 98
3 1 70 74
3 1 6 37
3 1 96 99
7
6
6 1 30 69 96 98 99
7 1 37 57 67 73 81 93
5 1 34 83 98 99
7 1 9 22 37 86 92 98
6 1 72 88 95 98 99
7 1 56 58 68 70 82 89
3
10
3 1 36 41
3 1 98 99
3 1 60 69
3 1 55 58
3 1 50 58
3 1 69 86
3 1 68 90
3 1 30 33
3 1 72 96
3 1 49 70
9
6
6 1 85 91 94 97 99
6 1 9 70 92 98 99
8 1 18 85 93 95 96 98 99
7 1 58 61 92 95 96 99
9 1 32 54 94 95 96 97 98 99
5 1 70 94 98 99
6
6
6 1 54 64 91 94 97
6 1 55 86 88 92 95
2 1 99
4 1 66 97 99
5 1 78 96 98 99
6 1 49 90 95 96 97
8
2
7 1 2 56 94 97 98 99
5 1 83 95 98 99
6
7
3 1 96 99
3 1 98 99
6 1 71 78 94 97 99
4 1 87 98 99
6 1 3 78 80 83 93
6 1 42 79 86 93 99
4 1 58 93 99
4
7
4 1 68 79 97
4 1 59 67 98
4 1 5 53 83
4 1 57 67 68
4 1 70 90 97
4 1 15 82 91
4 1 25 65 97
6
9
6 1 18 91 93 98 99
5 1 15 87 92 99
4 1 33 78 99
6 1 16 76 83 98 99
5 1 60 79 98 99
3 1 71 99
4 1 5 95 99
6 1 73 90 94 97 98
6 1 86 91 97 98 99
4
2
4 1 55 72 97
4 1 13 34 68
9
8
9 1 39 42 81 85 89 96 98 99
5 1 82 92 97 99
8 1 30 83 88 92 96 98 99
7 1 27 51 87 91 97 99
8 1 70 84 89 91 96 98 99
6 1 43 60 97 98 99
9 1 56 61 69 73 87 97 98 99
6 1 82 94 96 97 99
8
4
8 1 14 21 76 95 97 98 99
5 1 15 96 98 99
8 1 16 50 71 85 97 98 99
8 1 30 52 54 63 93 96 98
10
5
7 1 25 57 92 96 98 99
5 1 25 90 98 99
4 1 10 61 99
6 1 61 80 81 98 99
5 1 67 93 98 99
6
9
6 1 2 57 81 92 99
4 1 68 93 99
6 1 23 92 96 97 99
4 1 97 98 99
6 1 90 91 97 98 99
5 1 87 89 96 99
5 1 74 93 98 99
6 1 53 74 80 97 99
2 1 99
10
2
4 1 72 88 99
2 1 99
8
2
7 1 66 86 87 93 98 99
7 1 40 75 80 88 98 99
8
10
8 1 35 60 91 92 95 97 99
5 1 20 78 97 99
7 1 22 79 90 92 96 99
6 1 10 43 64 92 99
7 1 19 63 86 97 98 99
8 1 60 84 88 95 97 98 99
8 1 3 84 86 91 95 98 99
5 1 74 96 98 99
6 1 15 82 93 98 99
3 1 97 99
8
2
6 1 68 79 93 98 99
5 1 24 86 94 99
3
5
3 1 34 67
3 1 98 99
3 1 19 49
3 1 78 85
3 1 14 48
5
9
4 1 94 98 99
5 1 55 71 98 99
5 1 48 79 98 99
5 1 56 83 92 98
5 1 27 82 83 90
5 1 62 84 87 88
3 1 93 99
5 1 53 58 87 98
4 1 97 98 99
3
5
3 1 63 96
3 1 50 94
3 1 43 64
3 1 26 39
3 1 55 76
8
3
4 1 89 93 99
6 1 29 86 87 93 99
6 1 44 60 83 97 99
6
2
6 1 29 79 85 91 95
3 1 95 99
5
5
5 1 46 77 78 81
5 1 2 31 95 96
4 1 30 85 99
4 1 84 97 99
5 1 87 88 92 97
3
4
3 1 51 70
3 1 21 54
3 1 4 33
3 1 37 70
10
2
6 1 33 65 68 98 99
6 1 83 90 94 98 99
5
9
5 1 73 79 83 84
3 1 98 99
5 1 34 80 82 91
5 1 38 74 78 81
5 1 34 92 94 99
5 1 42 57 89 90
5 1 34 56 87 88
5 1 72 76 93 95
5 1 40 84 86 90
7
6
6 1 10 88 91 97 99
7 1 3 4 89 93 98 99
5 1 39 97 98 99
7 1 41 47 76 79 98 99
4 1 84 86 99
5 1 44 87 92 99
4
3
4 1 76 91 98
4 1 18 61 84
4 1 53 66 83
5
6
3 1 93 99
5 1 66 93 95 97
5 1 36 42 86 90
3 1 35 99
5 1 20 46 78 84
5 1 39 42 94 95
10
10
6 1 26 90 95 97 99
6 1 78 88 96 98 99
8 1 13 60 76 95 97 98 99
5 1 53 73 74 99
5 1 33 80 97 99
8 1 29 75 89 96 97 98 99
6 1 3 77 82 97 99
9 1 62 67 87 95 96 97 98 99
4 1 39 97 99
5 1 90 95 97 99
8
4
6 1 64 75 97 98 99
5 1 90 97 98 99
4 1 70 98 99
6 1 78 83 84 98 99
3
4
3 1 50 65
3 1 59 73
3 1 25 58
3 1 73 93
9
6
8 1 68 76 90 96 97 98 99
8 1 29 62 75 86 95 97 99
3 1 80 99
8 1 58 68 80 86 97 98 99
5 1 26 58 83 99
7 1 2 6 76 83 89 99
7
6
4 1 95 98 99
6 1 66 87 94 97 99
6 1 46 71 90 92 99
4 1 88 89 99
4 1 25 98 99
6 1 60 84 91 96 99
9
2
8 1 31 65 76 95 96 97 99
5 1 59 72 98 99
3
6
3 1 30 74
3 1 61 63
3 1 32 73
3 1 41 80
3 1 49 78
3 1 35 45
6
8
6 1 62 85 89 92 98
6 1 39 60 69 95 99
5 1 55 84 96 99
4 1 96 98 99
6 1 26 76 82 94 97
5 1 92 93 98 99
6 1 51 87 92 97 99
4 1 88 94 99
8
8
6 1 39 67 83 98 99
7 1 2 30 36 78 98 99
6 1 84 85 96 98 99
6 1 84 93 95 97 99
6 1 54 74 93 98 99
6 1 78 96 97 98 99
5 1 74 76 94 99
4 1 42 98 99
3
8
3 1 34 83
3 1 89 93
3 1 49 67
3 1 39 58
3 1 28 36
3 1 7 57
3 1 53 97
3 1 75 95
5
6
5 1 34 84 98 99
5 1 4 31 36 57
5 1 4 16 78 79
5 1 66 94 97 98
2 1 99
4 1 63 94 99
5
6
5 1 76 92 98 99
5 1 13 50 86 89
5 1 12 49 78 93
5 1 31 69 77 88
4 1 9 71 99
3 1 55 99
6
8
2 1 99
6 1 50 56 74 84 85
6 1 32 91 97 98 99
6 1 2 7 42 72 87
6 1 39 70 84 87 91
6 1 26 75 87 93 98
6 1 7 58 89 92 94
6 1 90 93 95 96 97
10
10
7 1 43 67 75 87 98 99
4 1 28 95 99
4 1 66 95 99
5 1 48 54 95 99
5 1 69 79 87 99
6 1 51 70 97 98 99
8 1 58 73 76 82 90 98 99
5 1 74 92 94 99
5 1 29 78 97 99
5 1 50 81 96 99
8
3
6 1 76 91 94 97 99
6 1 52 83 86 98 99
4 1 85 98 99
3
8
3 1 76 98
3 1 47 52
3 1 44 79
3 1 65 89
3 1 24 45
3 1 60 96
3 1 62 71
3 1 93 97
5
3
5 1 43 67 81 88
5 1 26 57 58 90
5 1 47 97 98 99
5
3
4 1 61 93 99
5 1 37 78 81 96
3 1 97 99
4
7
4 1 55 71 86
4 1 9 32 63
3 1 93 99
4 1 20 29 91
4 1 68 92 99
4 1 53 70 96
4 1 68 90 94
3
4
3 1 57 89
3 1 76 92
3 1 97 98
3 1 15 43
8
3
4 1 74 98 99
6 1 52 69 96 98 99
6 1 86 95 97 98 99
9
6
6 1 6 31 95 98 99
3 1 96 99
5 1 54 93 98 99
9 1 8 21 63 82 87 90 96 99
7 1 20 58 93 97 98 99
9 1 58 71 79 82 89 91 94 98
8
2
4 1 91 97 99
7 1 20 35 85 97 98 99
4
8
2 1 99
4 1 75 94 99
4 1 93 96 97
4 1 63 96 98
4 1 4 43 92
4 1 12 45 82
4 1 35 98 99
4 1 75 77 88
6
9
3 1 92 99
4 1 97 98 99
5 1 39 56 98 99
4 1 68 94 99
6 1 29 77 83 89 91
6 1 77 80 91 96 99
6 1 34 46 69 78 88
6 1 24 67 74 82 91
5 1 28 81 93 99
7
6
6 1 19 56 93 98 99
4 1 80 92 99
6 1 2 84 86 94 99
6 1 13 93 97 98 99
7 1 81 82 94 97 98 99
5 1 42 97 98 99
10
2
8 1 11 23 76 87 92 94 99
4 1 51 80 99
10
6
8 1 35 74 85 88 95 98 99
5 1 93 94 98 99
3 1 93 99
4 1 79 89 99
5 1 64 74 98 99
5 1 53 85 89 99
5
7
5 1 29 43 97 99
5 1 60 80 89 98
4 1 64 94 99
4 1 55 92 99
5 1 26 39 61 84
2 1 99
5 1 53 68 89 94
5
6
5 1 81 86 90 96
3 1 34 99
5 1 51 55 64 66
5 1 83 84 88 92
5 1 73 97 98 99
4 1 67 95 99
9
3
6 1 25 56 95 97 99
5 1 74 97 98 99
6 1 88 89 94 98 99
7
2
6 1 61 80 95 98 99
6 1 25 82 96 98 99
3
6
3 1 37 53
3 1 44 56
3 1 45 82
3 1 23 50
3 1 38 53
3 1 76 95
3
2
3 1 16 55
3 1 76 83
4
4
4 1 50 64 86
4 1 94 97 98
4 1 74 90 96
4 1 12 39 79
7
5
7 1 46 73 96 97 98 99
7 1 29 57 94 95 97 99
6 1 16 18 92 94 99
5 1 12 65 98 99
6 1 60 85 90 96 99
10
9
4 1 58 95 99
5 1 86 90 96 99
5 1 21 49 58 99
8 1 8 41 44 82 92 97 99
6 1 82 83 91 96 99
5 1 91 96 98 99
7 1 54 73 87 91 93 99
6 1 90 95 97 98 99
7 1 52 87 94 97 98 99
5
6
5 1 35 46 86 89
4 1 94 97 99
5 1 79 81 92 94
5 1 6 12 43 95
5 1 31 50 53 93
5 1 22 34 82 90
10
4
5 1 92 97 98 99
10 1 11 43 72 76 81 85 96 97 98
6 1 31 58 73 94 99
5 1 70 74 87 99
7
4
3 1 95 99
6 1 81 90 92 98 99
7 1 51 62 94 95 96 97
7 1 58 59 94 95 97 99
6
3
5 1 85 92 94 99
4 1 95 96 99
5 1 74 86 96 99
9
5
5 1 83 87 98 99
6 1 63 81 91 98 99
3 1 7 99
3 1 98 99
5 1 16 95 97 99
8
10
3 1 96 99
7 1 51 56 85 95 96 99
5 1 72 79 98 99
7 1 38 52 75 89 96 99
5 1 80 81 98 99
5 1 68 77 98 99
6 1 10 25 65 97 99
8 1 37 53 58 70 93 98 99
6 1 25 94 96 98 99
5 1 57 96 98 99
7
9
7 1 81 90 92 96 98 99
6 1 58 68 75 87 99
7 1 39 42 49 66 68 98
4 1 93 96 99
6 1 5 92 93 98 99
2 1 99
6 1 73 88 96 98 99
7 1 29 33 70 74 76 94
7 1 12 21 47 78 93 94
8
9
8 1 14 15 55 88 94 98 99
7 1 69 81 89 91 96 99
8 1 34 44 70 75 86 88 96
6 1 81 87 96 97 99
8 1 50 57 80 95 96 98 99
4 1 32 93 99
6 1 70 76 97 98 99
6 1 83 85 93 98 99
5 1 30 71 91 99
3
8
3 1 83 97
3 1 13 82
3 1 71 72
3 1 28 61
3 1 45 64
3 1 30 31
3 1 40 59
3 1 32 46
8
9
5 1 4 11 89 99
5 1 66 71 80 99
5 1 39 74 97 99
6 1 40 55 90 98 99
6 1 87 91 97 98 99
6 1 81 95 96 98 99
6 1 88 95 96 98 99
3 1 76 99
6 1 27 94 97 98 99
3
10
3 1 4 80
3 1 56 77
3 1 65 69
3 1 28 93
3 1 89 94
3 1 22 57
3 1 34 53
3 1 12 99
3 1 25 35
3 1 24 48
6
5
4 1 85 89 99
6 1 64 69 70 73 99
6 1 16 44 54 74 79
6 1 89 94 95 96 98
5 1 66 96 98 99
5
4
4 1 78 96 99
5 1 32 95 96 97
5 1 22 44 67 81
5 1 35 96 97 98
8
10
6 1 35 61 80 88 99
5 1 46 95 98 99
8 1 6 51 56 92 94 96 99
8 1 71 73 84 85 90 91 93
5 1 61 95 97 99
6 1 16 23 87 98 99
8 1 69 72 86 91 93 96 98
5 1 76 90 98 99
8 1 28 55 65 81 91 97 98
5 1 78 93 98 99
8
4
4 1 30 96 99
8 1 30 77 81 82 84 88 92
5 1 37 56 86 99
8 1 46 52 78 90 97 98 99
10
4
8 1 18 30 49 64 96 98 99
7 1 4 10 75 96 98 99
7 1 3 9 93 96 97 99
8 1 59 80 84 92 94 98 99
3
6
3 1 24 64
3 1 66 83
3 1 57 97
3 1 49 65
3 1 12 83
3 1 29 48
7
10
7 1 28 74 78 91 98 99
5 1 65 69 98 99
4 1 89 95 99
6 1 68 90 97 98 99
4 1 74 87 99
7 1 44 74 80 88 90 97
6 1 27 89 92 94 99
6 1 27 92 97 98 99
3 1 90 99
5 1 56 87 97 99
7
2
7 1 34 84 94 97 98 99
7 1 21 60 88 97 98 99
6
9
4 1 83 96 99
6 1 44 69 87 91 94
4 1 46 50 99
4 1 84 97 99
4 1 93 98 99
5 1 46 51 55 99
6 1 38 44 97 98 99
6 1 59 65 76 88 96
6 1 27 32 69 75 93
4
6
4 1 53 67 96
4 1 7 19 35
4 1 44 51 65
2 1 99
4 1 56 88 94
4 1 77 89 92
10
5
7 1 52 77 91 96 97 99
4 1 89 98 99
6 1 56 59 71 90 99
8 1 64 68 87 92 94 97 99
3 1 98 99
8
6
2 1 99
6 1 3 78 91 96 99
6 1 64 94 95 98 99
5 1 64 81 96 99
7 1 65 90 94 95 96 99
8 1 54 67 87 89 92 97 99
5
6
5 1 85 88 96 99
5 1 89 93 95 99
5 1 8 60 66 85
5 1 67 80 92 94
4 1 55 98 99
4 1 14 97 99
7
10
7 1 4 30 31 76 98 99
7 1 53 61 67 96 97 98
6 1 90 94 96 97 99
6 1 17 51 66 81 99
7 1 30 41 45 49 76 87
4 1 45 96 99
5 1 84 87 94 99
4 1 87 94 99
4 1 90 97 99
4 1 73 87 99
5
7
5 1 38 89 96 98
5 1 59 87 95 96
3 1 89 99
5 1 27 96 98 99
5 1 51 69 91 96
5 1 56 79 88 89
5 1 35 48 76 92
10
9
5 1 79 93 98 99
7 1 36 48 74 79 81 99
4 1 80 97 99
5 1 65 95 98 99
7 1 4 88 90 95 98 99
8 1 33 48 84 90 92 94 99
6 1 62 73 84 93 99
4 1 92 96 99
6 1 64 87 95 97 99
10
10
4 1 77 96 99
6 1 68 79 96 98 99
7 1 38 83 88 89 90 99
5 1 92 96 98 99
2 1 99
6 1 91 92 95 98 99
5 1 88 96 98 99
6 1 13 77 81 98 99
6 1 75 92 95 98 99
4 1 71 94 99
4
7
4 1 26 69 84
4 1 86 90 92
4 1 80 93 96
4 1 92 98 99
4 1 97 98 99
4 1 5 9 87
4 1 35 53 97
7
4
5 1 83 87 98 99
7 1 31 57 82 94 96 99
7 1 51 67 83 93 98 99
4 1 75 78 99
7
3
7 1 29 62 63 76 90 95
7 1 31 86 89 92 95 99
7 1 72 84 93 96 98 99
7
7
6 1 61 64 69 80 99
3 1 98 99
7 1 52 67 71 90 98 99
6 1 66 84 95 96 99
7 1 6 65 93 95 96 98
5 1 73 94 98 99
7 1 70 87 91 96 97 98
6
8
6 1 10 81 94 95 96
5 1 50 91 96 99
6 1 33 81 88 90 99
5 1 94 97 98 99
6 1 32 74 87 93 94
3 1 91 99
4 1 91 92 99
6 1 34 75 81 86 97
10
5
6 1 82 92 97 98 99
10 1 57 59 71 89 93 94 96 98 99
6 1 23 96 97 98 99
5 1 28 89 92 99
6 1 74 94 96 98 99
9
3
9 1 8 26 50 54 82 94 95 97
3 1 40 99
5 1 27 30 71 99
5
2
5 1 88 94 97 99
5 1 18 34 60 78
8
9
8 1 70 86 90 93 94 97 99
6 1 71 76 87 97 99
3 1 98 99
3 1 82 99
8 1 19 51 59 81 95 96 99
8 1 39 73 92 94 97 98 99
4 1 54 89 99
6 1 40 72 85 97 99
8 1 86 88 90 95 97 98 99
7
4
6 1 36 90 95 97 99
4 1 74 98 99
7 1 42 73 92 96 97 99
6 1 61 64 92 95 99
6
10
3 1 92 99
6 1 27 35 88 89 96
5 1 82 96 98 99
6 1 75 92 93 98 99
4 1 74 81 99
6 1 93 95 97 98 99
4 1 75 97 99
6 1 7 78 81 97 99
6 1 27 83 90 93 99
6 1 44 80 93 94 97
3
2
3 1 19 39
3 1 20 60
8
8
5 1 83 91 95 99
7 1 54 90 93 95 98 99
5 1 85 97 98 99
3 1 82 99
4 1 85 92 99
7 1 85 89 94 97 98 99
5 1 6 67 97 99
7 1 18 70 94 95 98 99
5
5
5 1 62 64 88 89
5 1 72 90 95 96
5 1 61 90 95 98
5 1 35 79 93 94
5 1 90 93 97 99
6
5
6 1 34 86 90 96 97
6 1 50 86 87 94 97
6 1 74 89 92 96 98
6 1 14 58 71 81 95
5 1 56 73 93 99
7
2
7 1 7 38 66 81 86 97
5 1 36 73 98 99
5
9
5 1 27 92 94 99
5 1 76 88 94 98
5 1 57 59 62 63
5 1 52 66 73 79
3 1 52 99
5 1 15 23 93 99
5 1 37 85 96 99
5 1 10 25 33 83
5 1 47 54 64 67
10
9
7 1 7 72 96 97 98 99
9 1 38 50 51 65 84 89 94 99
5 1 95 97 98 99
7 1 16 83 87 93 98 99
8 1 19 46 75 90 96 98 99
5 1 61 79 85 99
7 1 36 53 75 84 90 99
4 1 85 94 99
5 1 80 86 97 99
6
9
6 1 10 96 97 98 99
4 1 79 87 99
5 1 25 75 91 99
6 1 83 88 92 98 99
6 1 35 49 76 79 93
6 1 11 89 90 92 93
5 1 88 92 96 99
6 1 51 85 93 95 97
4 1 83 86 99
5
4
5 1 60 97 98 99
5 1 67 72 93 94
5 1 41 83 89 92
5 1 14 56 96 97
4
3
4 1 79 90 93
4 1 26 95 97
4 1 46 47 82
4
9
4 1 62 80 82
3 1 86 99
4 1 72 93 94
4 1 21 68 90
4 1 68 71 90
4 1 49 70 97
4 1 4 64 70
4 1 32 54 60
3 1 2 99
9
8
5 1 54 89 97 99
6 1 46 77 96 98 99
5 1 56 74 93 99
6 1 68 90 94 95 99
6 1 88 91 93 98 99
6 1 24 87 96 98 99
5 1 88 96 98 99
5 1 13 89 97 99
5
3
5 1 84 91 92 94
5 1 44 52 78 79
5 1 72 79 84 87
3
9
3 1 38 95
3 1 75 92
3 1 64 80
3 1 92 98
3 1 92 97
3 1 83 86
3 1 71 73
3 1 45 56
3 1 11 65
10
2
8 1 4 44 68 81 95 96 99
7 1 37 78 84 94 95 99
8
8
3 1 72 99
7 1 20 92 94 95 97 99
7 1 31 63 85 95 97 99
5 1 58 92 94 99
6 1 22 34 43 75 99
6 1 91 96 97 98 99
3 1 94 99
6 1 95 96 97 98 99
3
6
3 1 64 83
3 1 6 51
3 1 2 79
3 1 80 89
3 1 43 63
3 1 85 96
4
5
4 1 44 86 87
4 1 86 91 99
3 1 98 99
4 1 7 98 99
4 1 61 89 98
9
3
4 1 79 80 99
4 1 70 97 99
6 1 90 94 95 98 99
6
4
5 1 57 95 97 99
5 1 91 94 98 99
3 1 90 99
6 1 25 27 46 68 71
7
6
6 1 64 89 90 94 99
7 1 66 72 75 90 94 98
7 1 36 64 74 84 86 91
5 1 63 93 94 99
7 1 37 94 95 97 98 99
5 1 84 94 97 99
9
5
5 1 89 97 98 99
9 1 67 72 86 91 92 93 95 97
6 1 55 91 94 98 99
5 1 95 96 98 99
6 1 17 86 95 97 99
7
8
5 1 53 95 98 99
4 1 86 94 99
6 1 62 87 92 94 99
7 1 46 61 91 93 95 98
7 1 57 85 87 91 93 94
7 1 54 80 93 94 95 99
6 1 25 26 48 96 99
7 1 67 68 95 97 98 99
10
5
4 1 43 95 99
8 1 18 92 93 94 95 97 99
5 1 9 49 98 99
5 1 93 96 98 99
3 1 38 99
9
3
5 1 43 92 98 99
6 1 13 20 63 85 99
5 1 95 96 97 99
9
3
5 1 74 94 98 99
5 1 39 90 97 99
8 1 72 83 89 92 96 98 99
7
8
7 1 52 77 81 90 96 97
7 1 6 30 43 61 98 99
5 1 39 84 96 99
7 1 39 67 88 90 92 99
3 1 76 99
3 1 79 99
3 1 98 99
6 1 91 95 97 98 99
8
5
6 1 48 81 97 98 99
6 1 53 69 85 95 99
5 1 81 97 98 99
6 1 80 84 95 98 99
8 1 31 86 89 95 96 97 98
8
9
5 1 39 93 98 99
7 1 49 61 68 96 98 99
4 1 96 98 99
7 1 50 67 86 88 97 99
6 1 40 63 95 96 99
6 1 68 75 91 94 99
4 1 73 97 99
8 1 5 12 65 90 97 98 99
8 1 80 87 88 91 95 98 99
7
3
7 1 48 74 92 93 96 97
7 1 30 45 55 80 81 92
7 1 9 66 79 91 98 99
8
7
8 1 75 85 87 90 91 92 94
8 1 13 67 77 88 90 92 96
6 1 18 93 97 98 99
6 1 78 94 97 98 99
6 1 57 89 97 98 99
5 1 74 89 94 99
5 1 88 93 98 99
5
9
5 1 33 90 91 96
5 1 16 54 66 97
5 1 52 90 95 98
5 1 79 87 95 98
3 1 89 99
3 1 96 99
5 1 8 37 52 57
5 1 20 52 81 86
5 1 67 83 95 96
7
4
4 1 72 98 99
7 1 41 69 79 96 98 99
4 1 10 98 99
3 1 25 99
8
6
5 1 28 87 89 99
8 1 39 59 66 93 96 98 99
8 1 39 76 89 91 95 97 98
7 1 45 83 95 97 98 99
4 1 92 97 99
8 1 37 86 93 96 97 98 99
5
3
5 1 59 77 97 98
5 1 31 45 90 92
5 1 23 52 92 97
9
8
8 1 19 23 54 63 71 96 99
6 1 30 80 96 97 99
7 1 20 48 52 58 98 99
5 1 35 51 90 99
6 1 74 90 95 98 99
3 1 14 99
8 1 7 67 89 96 97 98 99
6 1 93 94 96 98 99
10
10
6 1 57 59 61 97 99
3 1 86 99
4 1 93 95 99
4 1 96 97 99
7 1 72 85 93 95 98 99
8 1 56 68 78 82 87 98 99
4 1 79 85 99
5 1 56 84 97 99
8 1 46 57 59 76 81 96 99
4 1 35 98 99
9
2
5 1 66 70 98 99
7 1 22 23 51 64 68 99
5
9
5 1 75 79 84 98
5 1 85 87 90 95
5 1 45 83 97 99
5 1 3 9 76 82
5 1 67 81 93 98
5 1 79 84 96 99
5 1 77 86 97 98
5 1 83 91 98 99
5 1 54 66 83 95
10
5
7 1 28 83 89 90 92 99
8 1 10 52 77 92 95 98 99
4 1 83 98 99
6 1 85 91 96 97 99
8 1 12 56 80 93 95 96 99
6
8
5 1 88 91 95 99
6 1 42 62 69 97 99
5 1 49 58 86 99
6 1 10 86 91 95 96
6 1 12 30 66 75 76
3 1 95 99
6 1 50 91 94 97 98
5 1 68 93 95 99
6
7
6 1 9 37 41 42 52
4 1 88 97 99
6 1 33 53 74 75 84
4 1 79 98 99
6 1 10 22 67 79 92
3 1 85 99
6 1 20 82 91 92 97
6
8
6 1 9 49 74 78 95
6 1 81 87 94 97 98
6 1 24 42 91 96 98
5 1 38 61 85 99
4 1 64 93 99
5 1 9 69 97 99
5 1 63 85 98 99
4 1 3 72 99
6
3
4 1 96 98 99
5 1 46 84 98 99
6 1 22 43 72 73 91
5
9
5 1 15 96 97 99
5 1 82 83 90 95
3 1 92 99
5 1 61 81 91 98
5 1 48 55 65 97
5 1 65 93 95 97
5 1 78 79 82 84
5 1 15 45 54 57
5 1 6 86 91 92
8
7
7 1 62 79 93 97 98 99
8 1 25 48 72 87 91 95 97
6 1 28 61 78 98 99
8 1 26 38 90 94 97 98 99
6 1 29 76 97 98 99
6 1 73 81 85 97 99
4 1 79 98 99
5
3
5 1 29 59 85 98
5 1 9 64 87 95
5 1 3 47 65 80
7
10
7 1 66 84 87 96 97 98
5 1 29 41 98 99
7 1 32 45 63 70 72 89
4 1 96 97 99
7 1 68 72 94 95 98 99
6 1 56 62 88 92 99
5 1 7 24 98 99
4 1 3 31 99
5 1 6 34 60 99
7 1 56 65 80 92 94 99
8
5
4 1 82 97 99
8 1 25 80 83 84 85 89 93
7 1 72 73 76 88 97 99
5 1 42 97 98 99
6 1 51 61 85 98 99
9
7
5 1 67 86 98 99
5 1 60 74 98 99
7 1 81 89 93 97 98 99
7 1 35 67 90 92 97 99
6 1 58 62 92 95 99
9 1 16 25 27 46 63 79 92 95
5 1 71 79 95 99
3
2
3 1 24 99
3 1 4 99
10
6
10 1 2 34 39 56 91 92 97 98 99
8 1 4 34 45 86 96 97 99
5 1 64 75 96 99
4 1 48 91 99
4 1 90 98 99
5 1 75 94 97 99
8
6
8 1 53 70 78 86 96 98 99
6 1 81 83 95 97 99
3 1 93 99
4 1 86 93 99
8 1 5 9 51 60 63 84 96
6 1 56 60 72 88 99
3
5
3 1 29 49
3 1 88 99
3 1 96 97
3 1 75 91
3 1 74 78
9
10
5 1 33 79 97 99
7 1 66 74 91 92 95 99
6 1 80 91 96 97 99
5 1 79 86 91 99
7 1 71 72 79 97 98 99
6 1 35 91 94 98 99
8 1 58 63 87 92 93 98 99
7 1 21 46 89 91 98 99
6 1 48 69 93 97 99
8 1 31 37 69 71 81 98 99
8
4
6 1 17 25 69 92 99
8 1 59 73 78 80 82 87 96
6 1 69 72 94 97 99
4 1 23 98 99
4
5
4 1 67 96 97
4 1 33 84 87
4 1 88 90 99
4 1 27 31 76
4 1 15 83 85
10
2
9 1 50 82 87 92 95 97 98 99
5 1 36 83 96 99
10
2
9 1 41 52 76 86 90 96 97 99
6 1 25 44 89 98 99
7
7
7 1 59 61 85 90 96 99
5 1 78 94 98 99
3 1 98 99
4 1 93 96 99
6 1 31 40 61 91 99
5 1 51 84 98 99
7 1 57 69 93 97 98 99
3
4
3 1 30 94
3 1 72 79
3 1 81 96
3 1 59 73
3
9
3 1 85 98
3 1 7 76
3 1 78 93
3 1 81 92
3 1 33 78
3 1 84 87
3 1 24 81
3 1 40 98
3 1 41 63
8
4
8 1 13 49 72 74 85 92 93
5 1 26 71 83 99
4 1 91 97 99
3 1 97 99
7
9
7 1 86 91 93 96 97 98
5 1 41 93 97 99
6 1 39 41 75 98 99
7 1 41 76 82 90 96 97
4 1 39 81 99
6 1 3 94 96 98 99
5 1 46 95 98 99
7 1 59 80 85 97 98 99
5 1 44 73 94 99
3
9
3 1 28 31
3 1 45 57
3 1 56 93
3 1 78 95
3 1 98 99
3 1 14 58
3 1 70 97
3 1 40 48
3 1 78 98
6
7
6 1 3 18 49 78 81
6 1 33 90 93 95 97
6 1 47 51 69 78 82
6 1 6 36 84 96 98
6 1 19 26 71 81 93
4 1 63 97 99
6 1 56 89 97 98 99
5
2
3 1 85 99
5 1 14 22 46 97
8
6
8 1 15 29 58 65 83 88 94
7 1 79 88 93 95 98 99
8 1 37 75 76 78 84 90 92
8 1 67 75 84 96 97 98 99
7 1 32 79 88 92 97 99
4 1 97 98 99
3
9
3 1 61 63
3 1 64 77
3 1 67 69
3 1 2 92
3 1 93 98
3 1 51 71
3 1 10 19
3 1 69 86
3 1 77 82
7
5
7 1 18 48 93 95 96 99
5 1 13 68 98 99
4 1 81 88 99
7 1 68 85 87 94 95 98
6 1 47 58 76 94 99
6
9
5 1 64 90 98 99
6 1 31 47 76 78 85
4 1 76 96 99
6 1 38 42 66 78 92
6 1 69 72 86 96 99
5 1 73 85 92 99
6 1 85 88 90 95 99
4 1 43 97 99
6 1 49 57 59 76 82
6
9
6 1 72 82 89 91 99
6 1 42 60 77 84 91
5 1 63 85 96 99
3 1 98 99
6 1 22 40 88 94 95
5 1 43 53 98 99
6 1 45 93 95 96 98
6 1 89 90 95 96 99
6 1 44 87 90 92 93
8
6
8 1 34 68 80 81 88 93 94
8 1 11 50 54 78 89 98 99
8 1 14 30 77 86 97 98 99
4 1 71 95 99
7 1 50 75 81 88 96 99
6 1 27 90 94 98 99
8
2
8 1 19 78 81 87 90 94 99
6 1 77 83 86 95 99
6
2
5 1 52 87 98 99
6 1 44 51 95 98 99
7
6
6 1 59 89 91 98 99
5 1 43 74 79 99
4 1 95 97 99
7 1 46 79 85 93 98 99
6 1 16 41 42 98 99
5 1 87 89 98 99
3
7
3 1 35 90
3 1 17 44
3 1 40 44
3 1 19 41
3 1 71 92
3 1 13 59
3 1 46 98
7
6
4 1 79 86 99
7 1 24 31 50 94 98 99
6 1 21 46 95 98 99
6 1 66 90 96 98 99
7 1 39 54 73 77 89 92
7 1 8 65 85 95 96 97
7
5
4 1 77 79 99
6 1 42 96 97 98 99
5 1 61 69 98 99
5 1 36 82 88 99
7 1 48 65 83 91 95 99
9
5
5 1 54 92 95 99
7 1 38 80 88 94 98 99
7 1 29 35 90 95 98 99
5 1 27 35 85 99
7 1 64 92 93 95 98 99
3
10
3 1 44 88
3 1 45 85
3 1 38 46
3 1 61 98
3 1 50 58
3 1 39 93
3 1 14 26
3 1 19 76
3 1 66 91
3 1 14 19
9
2
5 1 79 96 98 99
4 1 7 98 99
10
2
3 1 81 99
4 1 97 98 99
3
2
3 1 66 79
2 1 99
4
5
4 1 3 87 94
4 1 21 62 75
4 1 87 96 97
4 1 34 78 98
4 1 79 81 87
4
10
3 1 95 99
4 1 89 98 99
4 1 20 62 78
4 1 40 93 95
4 1 71 82 84
4 1 53 85 99
4 1 19 94 97
4 1 35 36 41
4 1 89 96 99
4 1 17 78 87
7
7
4 1 89 91 99
7 1 59 73 75 92 93 96
5 1 33 84 94 99
5 1 47 56 98 99
6 1 11 87 88 93 99
7 1 28 47 69 78 83 88
7 1 70 73 85 91 95 98
9
6
3 1 88 99
9 1 28 32 36 69 95 96 97 98
6 1 47 75 95 96 99
4 1 76 98 99
7 1 61 76 82 86 97 99
5 1 17 45 98 99
7
2
6 1 37 67 69 93 99
7 1 2 9 80 89 91 96
10
10
8 1 71 89 93 96 97 98 99
6 1 13 44 88 96 99
10 1 57 74 87 89 94 96 97 98 99
7 1 40 78 80 93 98 99
5 1 41 90 92 99
6 1 22 89 94 98 99
6 1 64 76 79 98 99
6 1 17 18 83 93 99
5 1 82 92 96 99
6 1 4 15 96 97 99
6
10
5 1 6 70 98 99
5 1 36 80 89 99
6 1 34 50 62 65 95
6 1 51 57 68 79 95
6 1 4 51 53 68 85
6 1 87 90 95 97 99
5 1 91 97 98 99
6 1 74 84 91 94 95
5 1 78 92 98 99
4 1 49 96 99
8
9
4 1 95 96 99
8 1 69 86 87 88 94 97 98
6 1 78 89 97 98 99
5 1 90 97 98 99
6 1 42 69 82 90 99
8 1 18 73 80 90 95 98 99
7 1 48 57 93 95 97 99
4 1 97 98 99
6 1 25 86 90 97 99
0
