9 82 2 7
58 1 4 1 7 1 3 4 7 2 10
16 0 3 1 10 4 3 3 8 10 7
45 4 2 0 10 10 4 8 5 5 8
57 9 0 2 9 9 3 8 3 5 5
2 8 5 1 2 9 10 1 1 10 4
9 0 7 3 6 4 7 8 10 4 6
66 10 8 3 4 0 9 2 9 4 9
3 16 8 6
39 6 6 8 6
46 6 8 8 7
15 4 2 4 1
80 2 4 6 5
17 2 3 8 10
50 2 8 4 0
4 15 17 2
18 0 3 6 3 7
8 1 7 5 6 7
10 61 8 4
61 4 1 4 0 8 8 5 7 6 4 3
25 8 4 4 6 9 3 1 5 0 1 7
28 0 9 3 10 6 5 4 2 4 5 10
79 6 0 1 3 2 8 3 5 1 4 4
8 53 12 9
92 8 7 10 4 0 5 7 3 2
58 3 1 5 2 8 3 7 1 9
4 8 6 0 7 10 9 3 10 4
42 4 3 4 1 8 7 2 3 2
66 6 7 7 0 3 8 10 2 9
79 4 10 7 5 9 5 0 1 0
33 7 9 7 1 9 7 4 3 1
51 5 3 10 8 3 1 4 8 5
80 8 7 6 2 4 6 0 4 2
9 78 13 5
26 2 6 1 6 6 4 5 8 5 6
21 2 5 3 9 5 6 2 7 1 7
68 10 5 8 7 0 2 8 4 5 0
22 2 8 0 6 0 5 5 6 9 6
72 10 3 0 7 6 2 1 3 2 5
5 24 8 8
59 9 2 9 3 8 6
15 10 5 2 5 8 4
89 9 0 3 1 10 3
17 9 10 4 5 5 7
98 1 3 9 2 2 1
39 8 2 4 1 0 0
26 6 4 4 2 2 5
47 8 8 0 10 4 7
1 11 16 2
15 3 4
5 1 1
5 32 13 8
79 4 0 2 10 6 6
33 8 4 6 6 2 1
59 0 0 4 8 2 9
5 7 10 7 2 7 9
16 7 8 7 0 1 4
74 0 3 1 4 3 10
73 10 9 2 1 8 6
12 1 7 3 1 5 5
4 91 7 1
32 1 1 4 3 7
6 63 18 85
27 1 0 6 1 6 9 1
93 0 4 7 7 5 6 1
34 1 3 3 5 8 4 7
62 7 3 10 1 6 9 8
61 4 5 8 4 6 3 5
74 10 3 3 10 7 6 5
15 6 5 7 1 3 9 1
69 0 0 6 9 8 4 2
35 3 2 7 2 8 10 5
42 8 10 7 10 7 1 3
28 2 7 10 6 0 4 10
57 0 2 8 4 9 5 6
13 9 5 1 2 5 9 9
71 4 5 10 1 3 10 7
4 9 1 1 2 10 4 5
43 1 4 2 2 10 2 1
48 0 1 1 4 0 10 1
65 0 9 6 10 4 6 8
18 4 10 5 8 6 6 3
10 1 0 7 8 6 8 7
35 7 8 0 5 2 10 3
97 10 3 2 8 8 2 9
28 6 3 8 2 8 10 8
55 9 10 9 2 10 10 1
93 8 9 2 10 8 4 3
44 5 7 0 1 0 2 6
28 7 4 0 5 5 7 3
8 4 6 9 9 0 2 2
97 1 3 5 7 8 4 8
83 1 0 10 8 3 1 3
59 2 5 5 4 3 9 7
30 3 8 1 5 0 9 2
65 4 0 5 3 3 10 10
33 6 3 3 8 1 6 3
9 8 6 4 2 6 5 8
47 2 7 9 9 9 6 5
13 3 8 0 10 5 2 4
11 7 5 10 10 0 1 6
28 6 3 1 8 10 9 5
22 2 3 0 3 4 6 5
86 7 3 1 7 4 3 6
24 0 10 8 10 10 2 10
65 8 8 9 9 5 7 2
44 4 0 8 9 9 8 1
9 10 2 8 10 8 9 1
71 8 7 5 9 9 0 5
48 4 2 5 5 1 6 1
85 4 7 9 1 5 5 9
93 6 9 8 5 6 8 4
19 8 2 0 3 3 9 8
73 3 5 10 5 9 2 3
74 6 6 7 1 10 5 4
76 6 2 1 7 9 1 8
35 7 7 2 3 5 7 8
34 7 2 1 10 2 0 0
74 7 5 3 2 5 5 0
73 2 3 9 6 9 9 4
41 2 10 2 10 1 9 2
21 9 5 10 9 2 9 9
76 1 6 2 5 8 10 7
53 7 0 10 10 3 9 3
20 5 7 0 7 9 8 4
14 1 1 0 9 2 7 9
61 9 10 8 8 6 2 9
39 8 1 3 10 0 4 2
85 2 2 3 8 10 8 3
6 1 0 3 9 1 6 2
3 1 1 3 4 2 6 7
98 9 2 7 2 1 8 7
13 5 0 5 2 7 7 6
31 0 0 2 0 4 0 4
100 7 2 4 10 10 10 2
8 1 6 5 5 10 7 3
57 3 1 3 10 4 3 10
50 3 5 7 4 4 4 2
60 6 4 10 8 0 0 3
56 8 9 6 10 3 10 0
82 2 1 0 3 6 4 0
16 9 10 0 4 10 4 10
67 1 0 1 4 2 8 4
9 2 9 0 4 2 9 9
51 4 0 10 0 10 7 10
22 2 10 4 3 9 7 0
46 6 9 9 7 0 2 4
51 2 7 9 8 9 10 8
3 45 15 44
10 3 2 2 0
16 0 6 0 2
52 2 10 8 2
16 8 7 9 9
83 2 9 1 2
5 0 6 1 3
52 3 7 10 2
37 10 6 5 3
4 3 6 3 7
6 8 0 4 8
46 10 1 7 4
96 3 9 6 3
87 6 9 8 1
71 2 10 8 10
86 8 2 3 9
11 8 1 8 10
28 7 2 3 10
44 9 4 7 8
13 8 7 10 3
5 6 0 7 8
68 7 5 0 10
38 6 4 6 7
30 2 9 9 2
76 3 5 5 2
46 8 0 9 10
52 4 9 2 1
35 1 1 8 10
16 8 4 8 8
14 4 5 8 8
64 6 4 3 9
57 7 10 7 10
12 1 7 7 0
64 10 3 7 0
5 2 9 5 3
36 5 1 10 3
56 9 6 10 3
31 8 1 0 8
55 6 10 6 6
57 0 4 0 2
68 0 10 8 2
4 7 10 0 0
55 3 5 7 6
16 4 1 10 7
3 7 9 3 0
2 5 3 91
81 10 6 4
8 3 0 2
46 1 5 9
52 3 10 5
89 7 9 8
73 6 10 5
43 10 1 8
84 4 1 7
6 5 6 7
81 6 1 9
18 10 4 6
73 4 8 10
81 6 2 2
4 1 5 5
49 0 5 5
60 8 10 10
36 8 8 7
66 9 0 1
93 2 2 6
18 3 5 4
86 0 0 8
12 5 0 9
67 5 0 2
96 8 8 3
96 8 10 8
66 3 0 6
57 0 10 9
45 2 0 4
27 10 10 3
93 7 7 1
27 3 10 3
11 10 6 0
60 10 7 4
76 3 9 2
69 6 2 8
82 4 8 0
23 4 7 8
19 9 1 0
88 5 1 0
62 3 9 5
52 1 5 4
6 10 5 8
20 8 9 8
82 3 10 5
57 1 4 9
59 2 10 6
96 5 8 2
2 0 2 1
64 5 0 0
94 5 8 1
54 3 7 5
54 5 9 5
11 2 3 8
36 2 0 5
4 0 6 0
100 4 0 7
62 10 1 5
77 4 4 1
98 8 9 6
18 8 1 1
68 1 0 7
15 6 8 6
36 10 2 6
38 6 2 9
15 5 4 2
70 1 1 6
46 10 2 0
77 8 6 4
82 4 9 9
24 7 10 7
16 5 8 4
30 9 3 0
1 6 0 6
2 2 2 7
63 3 4 3
90 5 9 1
26 0 4 6
64 9 6 5
62 7 7 0
100 1 4 7
59 4 8 2
60 0 6 9
22 9 8 7
95 1 5 0
11 9 4 8
21 5 4 3
40 0 8 9
76 2 3 8
98 1 4 7
52 0 0 2
2 9 5 5
10 88 16 89
66 7 6 10 8 6 9 10 8 8 7 5
17 5 7 5 10 10 3 8 6 10 6 6
23 6 3 7 2 2 2 5 0 4 10 3
17 1 0 0 0 4 7 5 3 8 5 4
23 4 8 9 1 0 3 9 10 0 10 7
81 3 8 10 3 4 1 4 3 6 6 6
10 6 4 2 8 10 7 0 10 10 4 8
49 2 1 2 3 2 9 0 6 8 7 9
58 3 5 5 5 6 6 9 9 4 1 7
18 6 4 8 9 8 0 5 5 1 3 10
84 6 10 7 8 7 2 4 0 2 7 2
96 8 10 2 7 6 5 8 7 2 8 2
71 1 7 5 6 4 8 1 8 8 4 5
4 10 0 1 10 5 7 8 2 3 3 1
78 7 0 4 7 9 10 2 4 3 10 0
63 4 5 2 10 4 1 10 8 5 4 7
46 2 10 7 0 6 8 7 7 2 8 9
50 10 4 5 8 5 0 7 1 0 0 10
93 10 5 4 2 0 0 9 1 1 1 10
11 0 2 3 3 3 7 6 6 9 1 5
14 7 8 1 3 2 5 6 2 3 5 0
30 8 1 5 8 4 5 4 1 10 7 8
8 1 1 7 5 1 1 7 8 7 6 9
26 3 4 1 1 10 6 9 9 8 3 2
24 10 7 1 0 8 4 4 4 2 4 5
70 7 3 8 3 2 0 5 0 6 9 6
40 0 5 4 2 0 3 0 2 10 9 1
56 6 6 3 3 0 9 5 0 5 3 9
83 10 9 3 10 8 4 7 7 10 4 6
46 7 5 9 4 8 5 9 6 2 7 4
21 4 10 3 4 3 7 8 0 5 10 7
3 10 10 10 5 8 8 8 3 1 1 8
65 3 6 8 6 10 0 3 10 9 4 5
53 3 9 10 8 7 1 6 4 9 3 6
71 9 10 6 3 4 10 3 5 8 3 3
23 8 6 0 0 10 9 0 10 2 0 8
51 4 8 6 4 4 6 4 5 5 3 10
18 4 1 4 5 1 9 4 1 2 9 1
95 9 7 9 4 1 0 9 8 9 10 3
1 10 1 0 1 10 3 6 9 7 8 8
99 3 0 10 3 9 8 10 8 9 4 3
77 6 6 5 4 2 10 2 8 5 7 1
43 5 3 4 1 1 7 8 6 8 7 6
67 2 10 4 2 9 8 10 6 5 2 9
70 2 3 2 7 1 4 7 4 8 5 4
16 7 8 4 3 4 2 5 10 8 10 7
27 6 1 9 5 6 4 3 9 7 1 9
79 9 2 4 3 4 9 2 6 7 2 8
31 2 4 8 9 8 8 7 8 6 9 2
97 0 1 7 2 1 7 1 9 8 5 5
5 4 9 8 3 1 10 4 1 5 3 2
74 8 6 4 10 9 3 3 6 10 6 8
87 7 8 1 5 10 10 7 1 10 1 2
11 3 2 4 6 9 0 1 7 6 8 1
56 7 2 10 8 5 4 7 0 2 3 10
19 1 4 6 4 8 2 1 6 3 0 5
11 8 9 5 4 1 2 10 9 8 9 3
100 0 8 3 4 2 6 10 5 6 10 5
72 0 3 2 9 5 1 8 0 10 4 6
12 9 0 4 4 1 10 6 8 8 4 10
36 2 3 10 9 6 3 1 2 1 8 2
86 5 2 8 10 8 8 6 8 4 6 9
24 3 0 9 4 2 7 5 5 7 8 9
90 10 7 1 5 7 6 5 8 8 7 6
1 5 7 7 4 1 1 5 3 6 9 10
13 0 7 7 8 6 10 2 9 7 4 10
80 1 8 10 6 8 10 10 9 9 10 8
44 8 3 2 2 10 7 5 7 0 0 9
68 8 5 3 7 4 0 10 3 7 2 6
86 4 7 10 9 5 7 10 4 5 9 3
81 8 4 0 9 3 7 6 0 6 6 10
50 5 1 1 4 6 10 0 2 2 9 8
88 4 5 6 2 1 7 9 10 8 0 9
16 7 3 5 8 9 1 3 5 6 8 10
52 3 1 1 2 9 3 8 7 8 7 2
48 1 3 5 5 7 0 9 0 6 3 6
76 4 5 5 0 2 4 7 10 6 2 9
56 0 3 9 0 2 9 1 8 2 10 4
32 0 7 7 4 8 7 1 5 0 10 6
21 4 10 8 4 5 2 7 7 7 5 2
11 3 3 4 5 9 10 2 0 4 7 8
35 4 6 9 3 8 1 9 10 6 3 8
66 1 9 5 8 2 3 7 5 0 4 5
61 7 0 3 7 3 8 5 10 10 5 8
8 2 0 1 4 9 1 9 7 7 4 4
39 9 9 0 3 3 1 9 5 0 7 6
67 4 7 4 6 1 2 2 0 9 6 1
58 0 7 6 0 2 3 6 9 0 1 0
85 0 1 9 6 3 9 10 0 8 9 4
8 28 7 54
92 8 9 0 6 6 4 7 7 10
99 8 6 8 0 10 5 6 5 4
56 9 5 8 2 1 3 7 9 5
8 0 1 3 4 1 7 2 10 7
99 5 1 1 3 0 7 7 9 2
84 2 6 6 4 9 0 10 7 6
11 2 9 1 9 10 0 1 7 2
8 7 8 8 7 3 8 2 0 5
31 4 8 8 0 8 7 4 10 1
96 8 4 9 5 6 7 8 1 7
19 10 6 3 5 6 1 10 2 2
68 7 0 5 5 8 5 0 6 3
98 10 3 9 9 5 0 6 2 8
58 2 5 4 1 8 6 6 3 4
52 10 3 4 9 8 5 2 8 6
27 3 6 0 3 7 2 3 7 10
35 1 6 4 6 6 6 8 3 9
81 0 1 5 5 1 5 8 1 10
50 8 8 6 9 4 10 5 3 5
95 2 4 2 0 7 4 4 5 4
60 8 6 7 1 0 4 0 8 5
80 2 4 8 3 9 2 8 1 10
14 0 7 9 0 5 7 0 10 9
96 8 4 4 7 3 6 7 7 6
90 0 5 2 3 3 0 7 3 6
78 7 4 2 7 4 4 5 9 6
32 5 6 1 8 8 0 5 2 0
21 8 5 5 8 0 0 8 5 1
58 1 0 1 4 1 4 0 5 10
83 1 0 10 8 8 3 8 1 8
22 2 6 5 8 5 10 9 9 1
82 7 8 10 9 8 0 8 6 10
100 1 1 10 10 7 8 7 3 7
87 2 0 4 1 8 1 4 1 0
94 2 5 9 7 1 3 10 3 6
30 5 3 1 8 10 6 0 9 7
11 10 2 0 9 7 8 10 0 4
58 2 0 1 1 5 8 2 7 3
6 7 6 2 3 9 8 4 4 0
74 0 6 3 10 1 10 7 7 4
74 4 5 3 8 9 7 9 2 8
9 4 0 8 1 1 9 3 5 0
67 5 3 5 9 1 4 8 8 2
11 7 3 2 3 9 8 3 1 8
65 6 8 5 5 5 10 5 7 9
87 8 6 10 5 0 9 2 4 10
78 4 3 3 4 4 3 5 7 10
54 10 8 3 8 9 8 0 9 3
93 1 0 1 3 1 0 6 7 3
46 3 0 10 8 6 10 9 2 1
97 0 2 4 2 0 3 1 7 6
39 2 1 4 8 1 6 8 1 6
3 5 4 3 4 4 8 3 4 10
36 4 3 4 4 2 10 6 5 5
2 6 16 22
68 7 4 6
7 2 5 0
23 1 9 6
97 4 0 4
38 8 0 7
93 1 3 9
47 3 0 5
18 1 2 8
9 0 6 8
13 7 8 1
86 9 7 0
73 10 5 4
4 5 8 8
43 7 0 2
19 2 1 0
63 9 3 1
51 7 10 9
1 1 5 10
80 4 6 2
54 3 4 4
75 8 10 4
62 0 3 7
7 30 7 18
36 10 10 0 4 10 9 7 8
36 4 8 5 5 2 9 8 3
92 7 6 9 9 7 10 9 3
88 2 7 1 2 1 7 9 4
42 7 8 8 7 6 6 6 10
33 7 3 5 7 6 8 1 6
23 8 1 1 7 8 1 10 1
24 9 9 7 6 10 9 9 8
69 3 8 5 0 9 9 8 2
18 7 4 10 3 6 9 9 8
62 5 5 3 10 3 9 8 3
64 0 2 3 7 2 1 2 10
28 3 8 3 9 1 4 10 3
41 10 5 4 6 2 6 10 9
14 2 10 8 7 6 0 1 5
89 1 6 3 7 0 5 9 7
2 5 6 10 4 4 9 3 10
87 6 2 10 10 7 3 5 5
2 50 8 58
63 4 2 10
28 5 9 9
77 9 3 2
29 8 1 10
78 0 9 4
57 9 7 8
86 5 4 9
88 5 4 5
30 2 1 4
28 5 1 4
76 4 1 9
50 10 0 8
38 6 7 0
4 0 10 0
97 4 7 4
4 2 8 4
31 7 3 8
98 3 6 9
2 8 10 6
83 2 0 0
6 0 8 10
22 7 3 8
53 4 10 10
34 1 2 9
37 8 9 0
70 1 7 8
13 9 6 10
86 2 6 3
64 9 7 5
79 9 8 3
17 8 0 2
55 9 4 0
24 9 5 7
34 0 0 2
100 6 6 1
50 0 7 9
7 6 4 2
27 1 6 0
13 6 10 8
5 2 8 9
100 0 1 4
47 4 9 8
90 10 5 10
59 8 7 9
4 6 1 8
45 1 2 5
35 4 5 1
46 3 2 9
10 5 10 3
56 2 10 6
29 0 0 7
33 1 10 1
87 10 6 4
66 2 10 4
34 9 9 8
61 0 6 10
91 6 6 8
75 3 0 7
9 59 2 43
38 6 0 7 2 7 9 8 4 4 7
50 3 7 7 10 4 2 8 10 0 0
84 6 6 1 10 0 0 2 10 6 7
26 0 4 10 8 5 8 9 10 7 6
93 4 10 3 8 0 3 2 1 8 7
83 3 0 5 9 0 5 6 10 9 4
54 6 4 10 2 6 5 9 0 3 8
76 9 1 0 3 4 9 1 6 8 3
51 3 3 5 3 1 9 1 9 9 0
11 4 1 2 1 0 4 8 4 10 5
49 8 8 9 0 7 5 4 1 10 5
63 0 5 2 10 1 3 7 1 0 8
77 9 0 3 0 1 2 5 0 5 1
75 1 8 5 9 2 2 2 4 2 1
85 0 0 2 8 1 9 2 9 1 2
35 2 8 4 3 0 4 4 6 4 3
94 9 0 10 4 8 8 3 9 8 6
87 5 7 2 5 0 4 5 7 6 1
80 2 1 4 2 2 1 6 2 9 5
95 5 4 10 0 6 10 1 9 8 4
42 3 6 8 8 3 1 0 7 4 2
7 3 3 4 2 4 4 3 9 10 10
25 7 4 9 7 9 7 3 6 1 3
41 6 8 10 9 4 7 6 5 3 2
1 0 5 9 5 6 8 7 9 0 5
1 8 7 6 5 0 2 5 0 4 10
26 2 5 3 9 7 9 5 6 0 1
56 0 1 10 3 2 3 3 7 3 3
19 0 4 2 1 7 6 10 7 3 10
57 0 3 3 7 1 7 0 5 5 4
61 4 8 3 1 9 9 9 7 7 8
39 10 10 9 0 3 9 0 4 9 6
59 0 10 7 0 10 9 4 6 8 9
84 2 9 0 7 2 3 8 8 8 5
87 9 9 1 1 7 10 1 9 5 9
41 8 6 0 9 5 1 1 8 0 2
15 1 6 2 6 4 2 7 1 1 5
84 8 6 4 3 8 3 1 2 7 3
2 0 1 0 10 2 9 4 9 5 6
85 7 8 7 8 2 3 10 5 6 8
38 5 8 4 10 8 8 7 2 10 7
76 10 5 6 2 1 6 1 3 0 6
76 0 6 5 7 3 1 2 2 5 3
1 59 5 36
84 2 3
77 8 4
90 1 6
10 7 5
27 4 10
53 4 4
81 10 3
75 7 9
89 2 5
84 2 8
93 0 0
89 1 0
64 1 5
59 9 10
60 5 9
26 3 5
60 10 3
68 7 3
32 8 0
77 1 6
93 3 7
91 0 2
93 6 4
83 0 6
11 6 1
34 4 4
55 5 6
64 4 2
6 8 6
51 2 5
8 9 8
56 3 6
32 10 6
42 5 0
97 9 10
54 5 10
0 0 0 0
