84
4
43.0 46.9
10.3 30.1
9.8 78.2
51.8 7.4

65
11
51.1 16.0
13.6 5.8
21.0 12.7
30.9 22.0
22.2 53.8
45.8 36.2
32.2 18.5
3.5 28.1
56.2 38.4
33.4 53.7
46.3 61.6

53
7
25.2 23.9
37.8 33.3
1.9 33.4
9.7 16.5
9.8 10.4
27.8 7.8
7.3 47.7

65
15
31.2 48.8
56.0 30.5
45.7 53.2
56.9 24.2
29.5 2.1
61.9 17.6
64.7 32.0
61.2 14.4
13.5 28.2
34.5 32.1
44.0 41.0
58.5 41.8
37.7 43.3
52.5 57.7
48.4 12.2

68
7
29.0 9.0
64.8 17.7
28.9 45.1
34.4 13.8
16.4 22.9
55.9 40.3
18.6 57.2

66
2
24.0 12.4
56.8 12.9

58
3
21.5 40.2
21.9 50.6
6.9 9.5

97
16
37.6 39.5
84.9 51.8
81.6 59.3
49.0 29.1
26.4 49.5
30.1 7.5
30.4 79.1
4.7 57.6
58.3 34.8
51.7 41.3
74.7 74.9
80.8 82.0
80.4 28.0
25.0 20.7
57.6 80.1
31.3 89.3

68
14
62.6 20.5
8.9 38.4
5.5 10.5
51.6 22.9
3.6 60.7
21.2 66.7
43.2 39.2
26.6 16.1
29.8 33.4
66.7 63.6
45.6 4.7
8.6 20.8
19.3 54.6
22.4 36.7

54
11
28.4 51.4
42.7 40.0
52.4 50.3
28.9 7.1
33.5 45.8
25.9 18.7
46.6 24.0
13.7 37.8
17.6 23.6
46.5 9.0
4.1 41.3

53
17
24.3 31.6
34.2 27.8
21.3 31.7
7.8 47.4
19.9 23.4
16.1 41.2
46.2 51.8
2.7 25.4
13.9 26.6
48.9 37.6
37.9 3.8
13.4 6.7
27.0 51.5
47.7 11.4
47.4 31.8
24.1 10.5
41.4 37.7

63
18
21.7 9.8
32.1 52.6
33.3 52.5
50.3 41.8
15.4 29.4
45.6 4.2
28.7 17.1
56.3 62.6
44.0 31.2
21.6 15.2
44.4 12.4
44.3 42.5
29.4 38.7
56.7 38.0
45.6 17.2
17.1 37.1
25.7 33.0
42.4 18.4

78
5
51.5 55.2
69.0 34.7
54.6 49.2
4.1 15.7
52.7 29.6

73
3
18.1 16.0
53.4 3.3
45.4 3.6

100
13
95.9 99.0
33.0 41.2
80.9 64.2
43.8 58.1
91.2 66.3
25.8 3.8
49.3 41.7
13.8 8.0
20.2 16.3
34.8 26.7
19.8 27.8
91.6 50.4
47.9 84.8

89
7
78.0 63.8
24.5 53.0
44.8 12.6
73.5 67.1
73.1 35.3
72.0 73.8
14.8 36.3

83
11
72.0 59.0
7.1 22.1
8.6 76.8
72.5 75.0
68.8 81.5
23.8 14.4
61.7 65.4
28.9 39.1
34.6 49.5
79.0 13.0
78.2 22.0

89
7
18.8 13.4
83.7 32.1
56.2 15.6
28.3 10.5
6.2 1.1
21.0 44.9
29.8 77.9

66
6
18.7 39.0
38.4 56.2
55.5 4.8
27.8 51.8
3.2 9.3
54.7 9.6

57
9
28.4 4.6
8.7 12.3
30.1 25.9
44.0 51.2
30.2 6.8
16.6 41.9
45.0 27.0
28.5 42.5
43.8 15.6

55
16
4.4 1.9
27.7 52.5
19.6 4.2
51.6 50.8
17.4 50.1
13.6 50.6
54.4 48.1
2.5 8.4
31.5 1.7
26.4 9.4
29.2 25.7
14.1 11.7
39.5 10.4
10.7 47.5
23.7 10.4
33.0 37.6

64
9
4.1 26.3
10.4 11.9
28.3 22.5
49.5 38.5
51.0 59.9
22.3 7.7
4.3 43.8
10.1 39.7
61.0 12.9

96
3
74.2 27.2
51.0 50.9
37.4 42.8

56
10
8.0 25.6
20.6 34.1
54.5 28.6
49.2 50.0
48.3 25.8
10.4 42.8
55.7 49.0
28.7 34.0
54.0 31.2
44.3 24.0

70
20
68.5 20.7
20.9 65.7
47.9 41.8
37.4 12.4
43.6 38.5
48.7 12.1
23.7 64.0
7.7 55.9
2.5 3.4
43.7 59.6
58.0 30.4
14.4 28.3
22.0 14.5
48.8 17.1
57.6 33.8
34.1 55.0
67.4 48.4
51.0 9.1
20.4 22.7
16.2 48.5

93
14
6.9 81.0
84.1 81.9
27.1 67.7
46.2 7.0
14.5 72.9
53.0 32.8
60.6 35.4
43.7 83.3
11.1 61.0
34.3 91.5
74.3 9.7
17.2 36.1
61.9 63.8
57.5 29.8

72
4
25.8 67.3
51.3 3.7
59.4 11.9
13.1 15.0

92
10
35.9 34.7
9.2 32.6
18.6 19.6
72.5 71.0
86.2 14.4
10.4 39.1
3.1 85.4
74.4 10.5
77.0 10.8
32.9 3.8

99
5
52.2 3.2
87.2 79.8
93.6 63.5
80.6 41.8
76.2 67.2

69
15
58.1 15.3
27.2 67.4
35.6 54.8
40.1 41.2
20.8 8.4
9.1 7.3
48.7 56.4
44.3 54.5
48.9 28.8
50.4 53.6
2.1 34.9
14.8 66.1
22.5 26.2
19.0 54.7
56.2 15.8

88
8
45.4 23.2
57.2 18.8
53.5 67.5
57.5 44.3
64.2 70.2
64.8 14.2
69.0 69.1
85.5 12.1

96
18
90.1 64.8
82.8 19.4
70.1 54.1
82.3 28.7
21.0 35.7
37.8 79.0
49.0 90.6
5.9 80.0
11.0 84.2
3.2 76.6
16.7 42.5
22.7 52.1
32.2 2.4
33.1 83.7
93.9 36.0
80.2 46.5
88.7 26.5
7.3 76.8

67
15
61.4 60.0
5.9 15.5
15.7 12.0
21.0 33.7
50.6 54.9
32.9 55.9
66.7 13.2
4.1 66.9
57.1 20.9
11.7 22.3
47.4 15.4
35.6 37.8
29.7 23.5
61.1 46.0
24.8 26.2

83
4
35.3 4.7
58.7 16.6
52.5 27.6
7.0 35.1

64
8
26.9 40.4
25.9 22.5
56.8 11.2
42.2 20.3
7.6 52.9
43.2 31.4
19.4 41.2
35.8 56.0

73
7
51.3 64.3
61.9 60.1
43.5 72.6
39.1 10.9
24.7 53.3
1.5 65.1
34.9 17.0

97
11
9.3 72.9
46.8 33.8
70.5 65.3
3.1 10.9
42.8 22.6
96.8 45.3
23.0 81.1
95.3 10.2
56.3 69.1
62.4 34.7
17.8 16.9

65
3
22.7 27.7
39.9 37.8
46.9 23.9

54
16
27.6 24.5
43.6 19.5
1.9 18.2
52.4 37.2
50.0 18.2
35.4 32.3
4.1 10.2
7.8 15.4
53.4 8.0
48.7 33.7
2.8 35.6
39.1 28.4
15.2 34.4
35.4 13.4
41.7 7.9
28.7 48.6

86
4
79.2 39.3
34.9 80.4
61.6 74.9
84.8 43.3

88
18
34.4 40.7
54.6 78.7
31.6 16.1
58.2 19.6
1.6 22.3
22.5 61.8
56.8 58.9
24.9 78.2
38.1 67.2
37.1 73.5
60.5 20.1
22.8 59.8
40.2 41.4
50.0 8.2
70.5 35.3
30.1 84.0
61.6 84.3
44.8 14.2

57
17
9.6 28.4
46.5 50.5
19.0 25.2
35.4 51.0
28.0 48.6
15.1 9.6
19.9 4.8
1.0 47.3
33.5 24.9
18.4 35.6
35.1 3.9
17.8 22.8
42.5 30.5
33.0 18.2
18.4 7.8
19.4 17.4
38.8 18.6

86
20
85.6 11.4
45.2 15.5
33.1 56.5
68.5 50.5
43.1 50.7
3.7 67.4
70.1 82.7
26.5 64.0
20.7 16.5
84.6 84.5
35.4 51.0
3.1 46.0
62.8 52.4
27.1 12.1
10.2 9.1
1.2 61.5
17.6 51.2
60.5 83.6
49.2 60.8
67.3 54.5

84
14
19.1 63.5
31.6 74.4
56.3 10.6
25.6 69.1
4.2 30.5
81.1 14.4
68.5 18.4
14.9 24.7
56.6 66.8
52.9 22.1
5.2 9.6
4.6 23.1
81.0 62.2
12.8 44.9

61
2
13.1 11.1
21.0 31.5

60
14
46.3 18.9
51.0 19.3
13.3 52.8
47.7 10.6
34.1 1.8
34.7 16.9
47.3 47.8
45.3 25.4
1.3 2.1
16.4 7.1
28.9 5.0
27.2 50.6
15.8 28.9
19.2 7.3

99
4
39.5 36.4
92.9 98.4
82.0 35.2
76.3 66.2

80
8
46.2 23.1
11.2 22.2
67.8 29.7
24.5 66.9
40.6 25.4
37.7 51.1
29.7 31.5
32.3 16.8

79
14
27.0 74.5
66.5 55.3
3.2 77.7
2.8 22.3
45.3 57.8
64.0 42.5
77.4 70.4
23.1 65.5
6.3 65.8
19.4 8.9
5.7 26.5
45.3 32.5
5.6 13.7
60.9 69.9

50
11
41.1 34.5
43.8 16.5
35.5 27.5
7.1 1.3
6.4 15.4
10.4 41.4
43.0 28.6
15.8 45.2
4.3 7.6
30.5 3.0
14.1 8.4

89
20
41.0 31.7
2.9 70.3
1.4 70.9
49.0 67.2
18.3 20.0
69.0 28.8
22.1 64.8
46.4 2.3
37.7 45.5
62.7 60.7
81.4 49.3
5.9 16.6
31.1 41.3
15.0 46.3
61.8 56.8
64.5 72.4
70.1 58.5
71.9 19.5
36.5 51.3
36.0 8.4

62
6
19.8 1.1
13.2 1.3
42.8 4.7
18.4 42.1
15.2 52.7
16.9 13.5

83
17
61.0 60.7
66.9 15.4
61.4 10.7
15.0 4.9
1.7 42.6
9.4 25.6
42.5 22.9
47.9 68.2
19.5 29.8
65.6 42.2
33.0 23.6
3.7 25.0
42.7 25.6
71.5 46.3
5.3 54.6
2.2 77.1
28.4 52.2

72
5
51.3 32.0
22.9 62.8
41.6 24.0
70.5 40.4
59.3 55.0

56
19
17.6 54.6
18.3 23.1
9.2 52.5
8.6 52.4
23.2 51.7
19.7 25.7
35.6 27.7
51.2 53.9
10.6 53.8
48.5 22.0
4.2 40.2
2.9 45.8
53.2 55.1
50.1 37.9
6.7 31.3
44.9 30.3
42.4 51.2
24.9 17.6
16.5 24.8

71
13
17.4 37.5
55.3 3.5
61.2 68.1
42.1 31.6
62.6 17.9
10.3 28.9
12.0 8.6
55.1 66.2
13.4 55.7
30.3 54.0
57.8 11.9
28.0 36.2
52.3 55.8

81
14
28.2 22.9
61.6 46.0
52.0 68.6
51.5 74.1
78.5 67.4
10.3 13.7
49.6 71.5
50.4 6.0
52.0 67.4
21.1 48.0
4.4 4.5
15.5 60.1
33.7 21.0
29.4 34.8

57
8
45.2 41.1
20.9 25.2
54.0 9.2
1.4 55.4
44.5 44.4
41.5 42.0
46.4 3.1
31.2 1.0

61
18
1.5 58.0
17.8 3.4
50.5 4.6
3.4 44.8
20.9 38.6
49.8 42.6
13.5 30.6
8.0 47.7
3.0 50.7
60.9 21.9
3.6 12.6
4.2 13.0
40.7 27.1
6.8 24.9
1.4 15.0
37.3 12.8
38.8 42.3
23.0 38.8

94
17
61.4 54.6
59.2 45.0
85.7 75.4
70.1 33.0
35.3 92.7
66.7 8.8
54.9 67.9
31.4 11.9
46.9 5.2
38.8 41.0
45.8 65.6
85.0 45.6
93.5 11.7
60.8 15.1
85.0 77.3
68.2 77.8
28.3 44.9

86
11
58.3 66.2
65.2 79.6
43.6 14.9
15.1 3.6
10.9 38.2
34.5 40.1
5.9 35.2
80.1 33.8
48.4 54.7
68.6 69.1
29.4 54.7

83
16
53.4 64.6
5.9 8.1
75.3 13.8
76.2 15.0
80.0 41.6
15.1 24.5
35.6 26.9
69.3 7.2
4.2 54.0
10.2 34.7
2.1 62.1
54.0 34.2
4.9 78.1
17.3 77.7
82.5 52.7
54.6 22.9

97
18
65.7 82.3
57.6 53.7
82.8 72.4
25.9 6.3
81.4 39.6
94.8 46.5
3.5 67.6
59.0 36.3
90.7 91.8
74.0 81.5
87.3 14.8
6.5 92.9
30.6 22.4
69.0 66.9
81.3 20.5
75.1 71.6
81.8 49.1
46.6 12.8

63
9
20.8 9.3
44.7 5.6
48.6 51.9
27.2 61.2
21.0 13.9
55.7 45.7
20.1 57.4
27.3 55.1
6.5 18.8

66
17
54.9 15.5
58.7 11.0
2.7 35.1
9.6 4.6
49.8 22.2
62.3 35.5
42.3 9.8
35.7 27.8
5.0 33.1
55.8 16.9
56.5 63.8
54.1 23.7
37.8 46.2
8.3 28.4
62.7 47.7
19.2 45.7
36.9 55.1

58
2
7.1 17.8
11.5 52.1

71
3
7.2 34.6
53.9 11.0
43.5 20.3

78
13
43.5 38.2
59.9 72.6
36.2 9.0
18.5 25.9
55.1 29.1
15.4 3.3
37.9 3.6
4.7 45.3
1.3 31.1
2.0 47.1
50.3 71.2
8.6 36.2
62.3 28.1

69
4
56.3 62.7
44.0 15.0
58.4 9.4
8.0 55.1

55
3
50.0 12.5
45.1 52.8
41.8 29.3

92
6
43.7 30.8
45.0 18.3
60.1 12.5
37.9 29.9
20.1 56.3
10.9 12.4

74
13
65.7 15.5
4.8 62.3
56.5 39.9
28.7 66.3
30.1 60.1
61.0 19.9
49.7 68.8
46.0 13.4
34.3 58.4
30.1 24.2
63.0 21.8
5.8 1.1
40.7 1.1

74
2
18.2 15.9
45.9 51.1

63
11
23.6 34.9
62.8 12.0
21.5 4.1
27.6 43.7
51.6 59.0
45.0 34.8
50.5 46.9
50.7 1.6
8.2 31.6
50.9 47.7
30.5 58.0

61
16
1.3 42.9
18.4 60.6
53.4 51.1
11.5 37.1
1.2 9.7
29.4 53.4
17.5 34.3
32.0 26.0
32.9 2.0
58.3 19.9
25.8 53.2
12.0 31.0
50.3 41.8
2.9 7.0
14.9 2.4
35.7 38.6

96
18
71.5 53.5
49.9 79.6
72.6 40.1
91.8 69.7
54.9 45.6
63.6 66.2
57.3 56.4
46.7 36.7
13.8 34.5
92.8 47.2
33.0 65.5
91.5 76.9
70.4 23.4
54.2 76.9
43.9 74.7
75.2 68.1
45.7 90.7
42.1 18.8

75
8
48.3 14.2
19.0 14.8
37.3 4.3
30.8 67.4
73.9 20.7
14.2 9.2
3.5 2.1
3.4 72.8

69
17
36.4 23.6
53.0 37.7
30.0 18.7
29.3 55.2
64.4 11.2
6.3 22.7
58.8 67.4
1.2 68.5
46.9 65.5
20.9 54.9
67.7 24.4
28.1 11.7
30.6 20.4
44.5 39.5
44.4 8.7
43.2 30.3
17.8 54.6

93
16
4.2 76.2
73.2 65.1
84.9 65.6
32.0 75.9
79.1 54.8
39.8 74.0
16.0 11.2
17.2 25.3
75.9 14.4
63.3 1.0
40.7 53.8
49.4 64.3
47.2 24.8
33.5 33.9
39.2 79.8
44.5 41.0

89
20
27.6 7.8
50.7 14.8
87.1 40.2
32.2 84.7
53.8 63.1
56.5 4.6
35.8 35.6
12.6 24.3
87.1 65.2
67.4 42.1
66.4 48.6
55.5 46.9
20.0 28.7
1.2 17.7
51.0 18.1
77.7 54.9
80.7 66.5
15.8 46.5
42.0 76.9
76.3 34.6

85
17
19.1 52.3
17.5 57.3
12.0 46.7
37.5 40.3
30.4 58.0
8.2 57.2
79.0 53.3
28.4 38.2
3.7 65.1
5.7 74.2
8.6 65.1
33.9 49.4
74.4 52.7
14.2 72.0
24.6 23.9
12.2 62.9
49.4 2.5

66
17
62.1 65.5
17.3 28.3
25.4 65.0
5.9 51.1
28.1 34.4
19.0 27.0
13.1 52.8
36.4 32.8
47.5 37.6
18.9 51.5
4.8 40.8
58.4 51.0
49.3 16.5
57.7 60.6
40.7 28.4
35.4 56.5
37.7 4.2

80
5
3.8 3.3
66.2 75.3
68.0 33.3
79.1 75.3
30.9 19.0

52
2
41.3 31.6
6.7 48.1

55
5
9.6 5.1
16.1 22.1
23.4 25.4
47.2 44.1
42.6 12.9

70
5
47.8 52.7
13.3 20.5
20.1 38.5
41.8 14.3
22.3 33.5

53
9
9.5 38.3
32.2 33.8
29.3 11.8
50.8 52.9
6.9 11.2
12.7 49.0
37.8 10.6
10.1 47.6
51.4 45.3

87
8
23.3 82.3
31.3 12.8
11.7 67.1
40.3 60.8
63.6 80.0
53.2 22.2
14.1 19.7
67.7 45.9

54
3
28.4 27.0
28.0 14.2
27.5 33.9

84
17
24.7 55.8
24.4 14.1
73.1 3.9
35.0 5.6
42.5 62.2
41.9 32.8
2.8 34.7
30.6 16.5
1.2 25.8
81.3 3.6
14.4 70.6
61.2 13.0
82.4 45.3
39.8 40.1
24.7 23.5
6.6 63.7
39.3 74.3

94
3
36.9 20.6
60.4 67.0
68.4 58.7

64
19
30.4 48.8
46.5 29.6
39.5 37.0
50.3 38.1
58.9 28.5
53.1 39.2
61.0 43.7
16.6 48.1
31.0 17.4
29.7 21.8
29.3 25.5
48.8 55.5
4.2 36.8
46.2 3.1
38.8 57.6
54.5 54.9
23.3 9.1
8.0 56.1
52.8 25.0

76
18
40.6 68.3
7.1 22.2
68.9 60.2
28.0 35.8
42.9 24.9
62.8 70.0
53.6 71.4
49.0 71.5
9.7 41.6
30.3 61.8
23.5 74.1
44.1 57.4
63.2 70.4
42.8 26.0
29.8 65.2
23.5 34.5
57.3 22.6
21.5 19.2

85
15
6.7 73.7
3.6 68.9
58.6 72.2
75.8 1.0
71.1 79.2
80.1 17.7
2.7 53.9
41.0 28.0
55.2 42.2
27.2 31.0
39.8 26.8
35.2 37.4
24.3 65.9
14.6 30.7
8.4 28.3

70
4
64.8 31.4
13.5 16.4
60.3 9.2
64.9 47.7

89
11
8.6 3.6
84.3 61.4
74.8 54.9
58.7 70.0
25.3 1.1
68.3 10.4
83.2 1.2
7.8 67.0
21.3 77.5
40.2 62.9
81.5 51.1

84
19
80.0 22.3
5.3 70.8
26.1 63.8
54.7 66.4
53.8 75.3
60.8 26.7
21.3 62.5
45.4 43.7
39.2 30.9
19.0 66.3
14.7 56.5
34.4 46.0
7.5 35.2
80.7 37.5
24.4 32.0
10.5 13.4
51.8 56.1
45.7 54.8
49.8 75.4

77
18
15.6 70.4
32.4 19.4
60.8 56.3
67.3 41.7
73.4 74.2
34.3 72.9
15.8 64.1
56.2 14.1
21.9 19.8
49.7 8.3
30.0 76.6
47.9 29.7
71.5 58.0
38.2 29.2
13.1 46.1
54.2 28.5
23.5 27.7
16.4 38.7

99
19
87.9 68.7
51.1 22.5
82.2 43.2
89.4 72.4
10.2 98.4
62.8 75.6
38.1 42.2
31.9 24.4
63.5 79.5
46.6 73.0
88.1 87.2
95.2 9.6
85.4 73.5
61.5 63.4
59.1 16.8
96.2 27.0
24.2 32.9
92.2 75.0
74.8 63.5

59
15
51.0 14.5
57.8 25.1
14.7 32.6
52.4 53.9
53.0 50.9
54.0 44.2
18.0 4.6
9.7 47.2
14.2 11.6
51.3 7.9
56.2 37.8
33.4 4.7
28.0 53.7
23.3 7.7
28.1 9.0

70
8
17.1 59.5
56.2 41.5
29.5 60.6
23.7 23.5
40.2 65.3
39.4 52.9
47.8 53.7
7.8 35.2

92
17
11.9 87.0
91.3 65.2
7.4 19.2
9.0 79.1
73.2 26.3
17.3 27.8
44.8 59.9
2.1 12.7
48.4 42.2
87.9 58.2
12.9 45.4
51.5 85.8
15.1 78.8
71.1 57.1
37.5 27.4
48.7 78.9
79.4 5.9

95
7
22.2 82.1
69.7 15.6
10.9 27.2
40.9 28.9
55.7 14.0
13.7 89.9
88.0 40.7

65
3
33.8 9.2
53.0 64.9
39.2 31.7

55
7
25.0 1.7
53.9 21.1
31.6 17.2
41.4 36.5
41.2 38.2
4.3 25.1
16.4 37.5

98
4
53.1 83.1
86.2 2.4
70.5 76.6
74.4 31.2

77
4
60.8 3.5
29.2 29.7
11.4 69.9
43.4 52.6

85
10
69.5 29.1
73.3 16.9
81.7 25.0
70.2 59.5
72.0 44.8
23.5 10.4
15.4 9.6
84.5 57.2
17.9 69.7
36.1 16.6

84
19
53.4 42.6
56.6 31.6
43.5 64.6
19.5 23.2
5.0 64.5
76.0 27.5
19.6 46.9
34.5 35.6
50.9 57.0
58.6 72.2
81.6 69.2
45.9 78.1
9.7 34.3
48.5 40.3
34.1 52.8
53.4 79.2
51.7 42.4
1.3 38.8
52.1 50.1

66
4
11.5 35.0
23.6 39.6
63.5 10.7
7.0 47.8

79
19
42.0 69.4
18.6 73.7
59.9 49.0
29.0 71.2
64.3 8.3
52.6 70.9
41.4 53.3
67.3 66.5
61.8 61.7
68.7 54.6
36.1 58.1
21.1 19.3
15.5 66.5
49.9 33.9
76.7 46.7
3.1 72.4
4.3 61.3
54.8 74.5
57.7 36.5

65
17
26.7 4.9
22.6 49.8
19.7 43.0
29.6 46.6
60.1 38.4
47.4 31.3
38.7 59.1
21.0 55.2
30.6 5.7
62.1 20.7
49.6 42.8
7.1 42.2
45.0 40.3
34.4 9.3
9.6 27.2
41.1 1.8
19.8 17.6

88
18
86.3 71.1
26.7 71.6
71.7 79.6
38.0 42.0
15.4 13.1
75.4 71.4
46.1 62.9
70.2 55.9
5.7 64.7
13.6 87.6
80.2 46.3
21.2 34.1
55.8 61.7
12.3 23.3
36.8 73.8
45.1 52.6
67.3 41.9
23.2 8.7

56
6
22.8 49.6
51.0 17.2
38.7 10.4
20.2 33.0
33.7 47.2
3.0 2.2

76
8
42.0 61.2
32.5 74.3
38.5 35.3
5.9 16.6
26.8 49.0
67.7 43.7
74.6 15.3
63.9 45.2

50
9
32.2 40.5
1.7 39.8
9.3 32.6
6.8 42.9
29.6 43.7
8.8 33.2
41.6 16.7
44.9 13.4
2.8 45.8

78
16
76.0 30.2
57.5 51.0
10.8 33.2
7.3 68.1
41.8 17.0
32.4 69.7
56.1 29.9
39.2 18.7
49.2 72.0
52.1 51.2
73.7 38.2
14.8 9.6
25.3 24.3
29.5 33.6
60.5 76.1
65.9 74.6

58
2
27.7 51.9
28.8 32.4

74
8
53.3 10.1
58.9 69.4
44.0 20.5
58.1 53.5
11.7 61.0
33.9 52.8
16.4 22.6
52.1 38.5

51
10
17.3 25.0
24.8 37.9
38.7 48.8
2.9 10.7
25.6 12.5
27.4 18.2
34.6 35.4
41.9 18.3
26.8 3.8
47.6 10.5

51
5
15.1 32.4
6.2 48.9
38.8 30.8
23.9 45.2
36.4 37.7

81
11
27.1 32.1
60.9 58.6
71.4 5.2
24.3 23.3
13.6 59.5
34.4 1.0
48.6 44.4
54.2 78.7
28.9 48.4
29.3 72.1
43.9 8.1

59
6
7.0 41.6
12.1 46.8
5.3 47.2
42.4 4.9
15.7 20.7
41.2 3.0

56
2
2.2 7.6
41.3 20.2

88
3
52.4 62.3
82.5 77.5
32.4 46.7

63
9
43.4 55.7
61.9 4.0
43.1 40.9
31.2 51.0
51.2 54.2
41.3 57.4
6.0 34.5
41.4 34.8
29.3 45.2

88
13
85.9 52.2
15.2 7.6
25.8 49.5
64.7 81.7
36.3 7.2
6.7 10.7
24.3 28.3
7.8 51.4
17.4 67.6
50.0 79.9
35.1 11.8
84.0 11.5
22.5 4.7

80
16
76.2 78.4
63.6 18.4
67.4 19.2
76.3 44.3
44.1 78.7
28.0 64.9
77.0 1.5
71.0 49.4
42.2 9.7
14.5 59.7
13.1 60.8
70.7 2.8
9.2 77.5
51.6 17.6
7.0 49.2
56.9 52.6

98
16
21.3 85.0
91.4 54.3
16.8 76.0
4.9 34.7
25.7 27.6
58.2 94.6
78.1 57.5
5.9 55.5
45.9 31.7
71.3 72.8
8.3 92.6
77.0 52.9
88.9 27.9
62.3 37.1
45.1 47.0
57.9 9.1

94
17
15.9 65.2
74.6 41.1
92.8 21.7
37.2 41.8
9.7 70.5
18.6 19.5
54.7 49.9
3.6 85.1
37.4 36.8
53.2 36.5
1.2 39.6
24.0 79.1
69.6 22.5
60.8 86.7
61.2 38.1
82.4 3.0
41.2 15.3

82
16
19.9 33.0
31.3 12.0
58.1 76.1
45.2 39.5
25.1 29.9
42.2 70.8
21.4 32.6
60.8 53.1
34.1 14.2
56.9 43.4
22.5 22.0
73.9 41.3
74.1 79.9
6.0 25.4
49.2 13.8
24.1 47.7

91
10
7.6 42.1
31.6 40.3
43.7 41.2
55.5 20.3
63.7 65.1
79.0 6.1
72.1 81.9
10.1 34.5
33.4 71.7
11.0 34.8

84
4
67.3 40.2
57.7 57.1
40.2 81.4
63.2 27.8

93
12
23.9 36.0
76.8 15.7
91.1 79.1
27.8 15.6
4.0 47.4
27.7 30.7
36.4 84.5
27.1 48.5
56.2 44.9
49.3 75.3
7.9 5.4
27.4 6.4

85
12
64.9 14.8
29.5 57.0
20.8 58.9
14.4 54.3
11.6 78.2
70.2 11.8
3.6 51.7
61.7 1.3
72.2 36.0
51.5 2.1
65.3 64.9
77.1 56.0

99
10
32.0 46.0
21.5 40.2
52.1 45.8
82.7 45.4
72.8 2.5
91.4 36.8
19.6 25.5
25.2 5.4
50.9 25.9
72.6 74.2

74
16
29.5 19.7
50.6 28.9
29.2 36.5
61.4 44.3
26.3 38.3
42.3 8.6
56.5 53.9
5.4 36.9
72.5 15.1
3.8 17.2
57.4 34.5
38.9 54.0
5.2 73.8
2.8 53.2
35.1 9.4
47.0 11.3

53
5
28.0 9.2
31.3 5.7
38.3 8.7
7.3 22.9
52.9 8.4

84
7
20.0 43.3
36.1 73.8
57.2 35.0
83.3 65.7
58.7 64.3
10.5 65.8
46.5 52.7

91
20
85.8 53.2
3.8 52.2
41.3 71.3
80.8 10.9
7.8 84.0
68.7 67.6
48.2 56.9
50.7 90.1
88.8 21.7
86.7 47.3
70.5 18.6
1.2 31.4
77.2 13.1
58.2 13.0
30.3 8.6
1.0 75.4
15.9 38.6
84.0 64.2
47.5 7.9
21.3 80.9

92
9
72.4 90.0
88.1 82.1
82.8 40.2
24.6 72.9
85.7 74.6
34.2 85.4
25.3 74.0
10.2 55.2
65.8 87.5

96
14
94.4 6.7
85.2 79.3
59.8 52.0
9.5 65.0
14.1 1.1
58.6 85.1
95.2 74.1
50.3 58.2
66.4 85.1
5.3 27.9
47.0 14.2
3.1 91.6
85.2 10.8
12.7 36.2

84
6
50.1 23.8
5.4 72.8
46.4 44.0
17.9 24.2
60.9 54.2
72.1 27.5

67
2
60.0 3.2
44.9 26.4

92
4
65.8 76.9
86.0 51.2
51.5 78.8
30.3 59.6

66
12
23.2 54.2
64.6 49.4
60.7 19.7
52.4 8.1
27.4 5.4
56.3 12.1
10.9 61.6
22.1 34.6
5.2 54.3
33.7 26.0
33.1 60.0
9.4 28.9

85
18
19.5 9.6
78.5 49.2
21.2 19.2
26.0 61.2
71.7 77.9
57.4 24.8
8.2 53.7
52.3 44.1
80.1 54.4
76.5 35.1
35.6 37.6
68.9 38.5
50.4 64.2
70.2 84.0
58.5 41.5
68.5 35.2
3.9 58.7
14.5 80.1

69
10
22.7 24.0
31.1 28.2
22.2 37.1
50.3 67.9
44.0 68.6
56.7 25.8
52.9 61.9
53.7 1.1
63.5 23.7
11.2 3.5

54
8
9.4 5.1
40.1 48.5
20.4 37.1
25.0 3.6
52.7 44.5
15.7 8.4
5.1 14.1
31.4 14.3

52
9
4.2 23.8
21.9 16.3
9.8 4.8
14.1 26.6
6.6 22.2
26.8 5.2
22.4 48.0
2.1 18.6
16.6 12.9

69
10
54.2 25.3
30.1 67.4
29.2 32.7
20.5 28.8
28.1 14.8
43.9 35.3
34.3 11.8
5.4 52.5
17.8 55.1
46.9 28.3

100
14
5.9 18.3
77.0 38.3
1.4 91.4
86.3 19.2
74.7 7.8
63.2 41.9
78.5 32.3
91.0 77.5
2.5 95.9
26.6 31.3
54.3 6.7
48.7 74.6
78.4 12.8
21.6 61.8

73
8
4.3 37.9
15.3 8.1
14.3 54.1
8.1 72.7
72.7 5.8
39.7 53.6
10.7 49.3
57.5 7.4

92
16
88.8 6.3
58.9 68.0
90.4 33.9
84.8 32.1
3.5 36.3
55.0 54.3
35.0 51.1
3.2 15.8
16.0 20.1
78.3 12.2
6.9 50.8
86.8 60.0
84.7 26.2
13.1 41.7
46.0 87.4
85.7 70.1

87
2
11.0 36.3
70.5 64.2

96
11
82.2 40.6
16.3 86.4
43.9 76.0
22.4 87.9
92.1 29.8
27.2 60.5
56.6 92.0
65.9 31.0
50.3 73.2
84.1 6.2
21.6 47.1

93
14
24.4 24.6
15.0 82.8
29.2 65.3
70.0 1.6
31.3 83.8
66.2 58.6
47.4 91.1
53.7 29.1
27.1 56.9
80.1 35.6
35.3 81.5
19.3 60.5
76.6 53.5
85.8 26.3

95
17
87.2 45.4
63.2 90.6
59.4 51.1
68.3 60.4
21.9 71.0
74.1 16.1
73.3 51.8
10.7 16.7
75.1 77.1
12.4 49.1
88.4 64.0
30.3 33.9
51.2 54.8
92.5 52.5
77.9 94.5
51.0 40.7
41.3 41.5

92
10
46.4 24.9
34.7 89.9
81.3 49.4
45.1 57.9
12.1 85.1
74.0 40.8
18.9 52.3
8.1 10.9
51.0 74.4
55.0 9.2

90
4
19.5 61.4
64.4 77.2
48.5 76.2
75.0 41.7

92
19
55.9 20.9
52.5 33.4
4.6 59.1
61.1 54.0
86.5 14.4
90.4 15.1
85.0 71.7
48.7 27.9
68.9 20.7
43.5 64.8
62.4 54.9
50.0 37.7
90.8 35.7
21.4 68.1
23.0 83.0
64.0 53.0
89.8 20.5
51.8 80.9
5.4 76.6

94
7
23.7 47.1
83.9 80.8
18.2 12.7
19.2 67.3
22.6 91.8
21.1 88.1
54.9 20.2

87
4
84.3 27.7
69.9 23.4
33.6 79.1
69.8 77.6

70
10
39.7 17.8
39.6 64.7
11.5 17.0
67.4 56.4
46.2 45.5
3.0 8.1
36.3 9.9
44.3 21.9
46.3 7.3
36.7 63.1

78
2
37.9 40.7
66.9 27.1

68
20
22.3 65.5
41.6 19.3
67.7 46.8
25.0 34.7
34.5 8.6
40.9 27.5
47.1 50.6
31.2 14.2
23.0 38.8
61.4 59.8
62.5 60.0
20.6 19.0
23.6 53.7
8.4 63.0
3.2 61.9
32.5 46.1
62.4 47.0
55.4 37.9
32.8 61.6
33.9 28.8

73
9
15.9 12.7
30.0 23.0
34.5 11.5
28.0 61.3
72.7 28.6
10.8 63.6
40.8 71.3
1.3 56.5
30.7 72.7

77
16
3.3 3.9
6.3 66.3
3.4 30.7
73.7 46.0
31.9 3.6
17.1 57.3
29.8 25.6
46.2 26.3
56.1 21.0
44.0 62.0
2.4 55.4
67.6 39.6
67.0 19.2
4.5 4.8
5.3 2.7
52.3 65.3

60
17
21.6 56.0
43.0 29.3
27.5 11.4
17.2 30.3
57.4 1.7
56.4 10.4
45.9 57.6
10.7 43.3
16.1 40.5
24.0 51.9
47.9 37.7
55.7 24.9
14.3 54.3
4.9 16.5
44.4 29.5
6.9 20.1
38.3 49.0

66
2
6.8 14.5
41.1 42.7

55
14
2.1 50.8
6.1 42.6
30.5 19.2
22.1 12.1
40.2 2.5
11.3 45.5
53.0 4.2
20.0 53.0
2.7 9.1
27.4 38.2
27.8 37.7
47.5 52.1
3.5 43.5
7.7 36.3

55
7
39.1 28.3
32.5 36.8
12.6 37.1
20.4 15.8
8.7 36.5
24.3 45.3
18.6 43.4

64
2
3.4 48.8
27.0 8.1

92
5
70.4 78.8
65.0 43.3
28.6 53.4
18.0 69.8
26.6 28.0

89
19
49.4 3.1
42.8 69.7
73.0 87.3
44.3 41.9
52.7 60.5
22.3 3.4
46.4 79.8
56.1 47.8
10.5 34.7
30.6 42.7
2.1 46.2
14.6 74.0
47.4 64.6
55.5 31.4
28.4 45.8
40.2 23.7
46.7 48.2
65.5 32.0
17.8 57.4

93
2
1.4 67.9
40.9 41.5

95
4
87.1 69.7
4.8 6.0
15.8 66.9
43.4 45.8

62
3
27.0 58.2
36.3 55.6
49.2 40.1

96
10
91.9 67.8
21.6 76.9
52.9 4.3
25.4 17.7
75.0 8.0
54.6 90.3
50.1 66.9
20.2 89.9
77.5 83.6
3.0 33.4

88
2
33.3 45.7
73.7 65.3

88
11
43.7 44.3
27.2 79.6
68.2 18.3
45.7 33.1
61.0 1.9
20.2 54.5
61.4 78.8
83.0 73.0
63.6 7.4
7.3 21.5
31.6 75.6

100
20
12.7 44.9
53.3 20.6
94.2 41.5
23.0 24.7
36.3 88.7
22.4 13.1
61.1 12.5
88.0 61.5
63.0 72.4
4.8 9.3
28.4 8.0
19.4 10.6
5.4 27.0
55.8 27.9
69.9 37.8
92.1 39.9
54.5 56.6
94.8 59.3
4.1 49.4
36.6 29.1

56
13
50.6 5.7
37.0 15.2
8.5 22.2
50.6 11.5
3.1 4.6
24.1 1.9
13.3 19.0
39.1 2.5
37.4 8.8
12.2 35.1
18.5 14.8
18.6 28.4
14.4 9.1

92
2
7.0 77.9
16.3 57.2

55
20
16.0 11.8
15.3 28.2
17.3 52.5
31.6 23.5
2.5 27.2
29.4 41.7
32.1 23.6
2.1 29.9
54.1 54.7
25.3 40.5
33.1 48.4
17.4 34.8
2.8 27.9
38.1 51.0
41.4 10.6
13.9 8.6
27.4 18.7
17.2 10.3
45.7 16.7
37.1 38.8

66
2
44.4 10.2
58.9 53.4

67
12
26.0 45.7
55.7 55.2
24.0 13.1
4.4 46.7
29.8 19.7
6.1 20.4
24.1 28.7
14.8 31.8
30.1 26.2
60.5 66.8
20.2 51.5
32.3 58.7

78
20
49.9 25.6
44.7 76.1
13.3 25.9
33.6 39.4
54.2 65.0
60.5 32.9
45.9 45.5
36.1 24.8
14.3 1.5
2.7 34.1
62.5 73.1
38.5 44.0
56.4 46.2
61.0 4.2
33.4 1.4
55.0 47.3
42.3 36.8
1.5 17.5
37.3 4.5
30.1 72.4

95
8
18.9 33.0
90.6 25.3
84.3 58.7
46.5 61.2
78.7 33.7
42.5 6.7
80.4 11.0
45.5 4.6

56
9
16.6 24.2
22.5 51.1
22.8 20.7
15.4 3.8
28.9 18.8
9.9 50.2
43.6 46.6
24.1 46.0
2.8 22.6

63
17
12.0 51.3
5.0 38.5
34.7 30.1
49.0 28.6
53.8 20.8
10.4 60.3
59.0 59.8
48.1 50.7
55.9 31.8
59.3 3.1
23.0 59.3
2.5 28.5
61.9 40.9
47.6 5.3
49.0 5.1
60.1 29.7
42.5 55.1

87
7
58.9 1.9
79.1 81.0
49.7 15.9
22.0 57.5
82.6 58.4
53.6 72.3
35.0 70.0

89
20
12.3 13.3
49.0 83.9
65.9 9.0
64.6 85.8
33.6 60.6
33.5 55.2
71.6 41.5
2.7 63.7
33.5 8.8
10.4 54.4
1.2 18.0
12.2 82.2
8.9 39.5
14.3 42.0
27.6 18.0
50.4 11.3
10.2 35.3
68.0 56.0
44.2 29.9
25.6 86.2

82
8
72.2 8.0
16.1 49.8
25.8 2.1
6.2 7.5
1.8 65.5
14.8 61.0
31.9 63.2
35.2 44.9

92
16
74.2 53.1
80.0 48.2
55.1 18.1
73.1 22.7
82.4 84.6
69.5 37.1
41.8 53.6
31.2 33.5
57.6 29.2
78.9 90.7
67.5 56.3
78.3 56.0
80.0 75.1
48.5 77.8
16.3 66.3
48.2 61.2

95
13
41.7 19.8
11.2 40.0
77.3 11.0
21.2 94.4
1.0 83.5
75.1 42.9
61.3 1.2
43.8 36.0
89.4 49.7
25.4 8.1
85.4 18.1
73.7 14.2
93.5 36.8

65
2
47.4 18.9
29.5 17.6

63
18
32.3 8.3
40.2 8.6
46.8 37.4
22.0 28.4
42.7 30.4
28.2 24.1
60.3 46.2
61.0 17.4
37.9 16.0
53.5 4.0
2.0 11.7
2.3 52.1
9.0 33.3
47.4 60.1
48.6 37.3
21.6 22.6
38.1 48.7
25.9 55.2

79
9
26.1 54.5
4.9 61.9
8.5 40.9
75.2 24.7
50.5 73.5
1.5 16.7
74.6 42.3
29.3 66.6
2.3 43.0

55
15
7.4 27.7
27.2 29.4
44.5 37.2
40.2 51.6
29.9 19.7
5.6 54.5
45.4 41.1
19.4 36.4
6.7 54.7
45.5 25.2
44.2 26.5
40.5 34.5
37.7 1.0
43.8 38.6
19.8 13.8

53
10
13.1 51.1
25.4 52.4
40.8 15.6
9.6 7.1
11.4 3.1
21.3 24.2
30.5 39.7
48.3 43.4
42.7 2.5
18.9 31.2

100
11
32.7 73.4
52.6 38.2
68.4 97.3
61.6 36.7
85.6 91.0
17.2 56.1
41.5 64.9
65.3 95.5
93.2 53.6
60.4 30.1
94.5 22.7

75
16
40.5 42.0
44.9 32.7
11.0 56.3
72.0 65.2
16.6 49.3
59.1 63.2
67.1 49.2
71.9 61.9
65.7 22.2
65.8 2.7
74.8 39.1
24.1 48.6
17.2 74.9
53.8 62.1
70.3 70.7
35.4 24.3

84
11
29.3 7.3
45.6 12.0
62.8 45.6
39.0 75.3
16.3 49.4
58.7 32.8
43.5 29.3
54.5 68.5
78.5 27.6
3.4 66.8
65.8 4.2

51
15
39.8 22.7
32.8 11.5
46.3 5.8
21.4 6.8
25.2 9.3
10.2 31.3
18.1 26.6
20.7 17.6
37.9 45.6
31.7 14.0
49.3 3.0
5.0 29.6
46.7 16.8
7.0 11.3
38.5 32.8

89
19
88.0 12.5
21.5 9.9
9.0 59.7
58.3 25.2
10.4 13.4
83.7 69.9
63.7 78.0
19.4 50.2
48.8 32.0
37.0 69.8
58.7 57.1
27.0 23.5
56.6 44.3
15.5 44.2
86.3 66.0
36.5 54.6
9.6 58.0
60.1 27.6
59.4 67.8

92
2
12.7 31.0
49.5 83.5

75
18
60.8 7.2
35.3 16.0
67.4 49.2
63.4 13.1
73.7 9.2
47.0 45.6
6.9 58.9
12.8 27.9
53.2 52.2
74.8 19.3
3.7 2.7
38.8 27.4
70.5 14.7
24.4 70.7
51.0 73.2
47.1 58.1
40.5 48.9
35.1 48.6

93
7
44.7 55.8
50.6 64.8
48.1 30.7
69.8 78.2
8.8 79.5
76.4 1.7
30.5 74.0

66
12
22.6 1.4
44.5 33.4
6.9 63.2
16.4 28.3
15.7 29.3
4.7 6.4
59.9 65.0
63.4 12.8
64.7 15.8
19.6 15.9
33.8 65.3
3.2 36.4

99
7
21.4 72.9
57.7 84.4
56.7 25.0
72.2 51.8
34.4 86.5
81.6 8.7
50.1 29.8

61
3
33.3 57.1
21.9 45.0
6.7 49.3

61
16
5.8 47.8
37.3 55.1
24.1 11.0
6.0 5.0
27.1 17.2
48.3 52.3
44.5 8.0
20.2 33.7
16.0 6.2
7.8 44.8
34.6 28.0
32.8 17.0
35.3 9.6
56.5 43.6
14.8 42.0
10.8 39.8

66
15
58.6 26.8
46.7 31.0
17.2 8.2
41.3 32.5
64.1 30.7
36.2 61.8
49.8 49.7
49.3 30.4
18.5 22.8
9.1 59.8
63.3 20.5
51.5 14.6
50.3 27.4
1.8 16.6
33.9 42.8

80
11
5.1 19.0
51.2 78.1
29.4 11.0
31.8 23.9
9.0 8.9
31.9 47.5
43.6 19.7
22.3 69.7
33.0 52.9
55.1 71.0
50.1 62.7

85
12
11.3 4.0
79.1 14.9
69.5 29.1
75.4 55.4
4.3 34.7
50.6 25.6
8.3 49.7
51.0 14.5
73.5 84.2
84.7 65.4
60.8 60.1
75.5 6.8

97
6
24.5 37.0
66.9 28.2
92.4 29.7
36.3 67.9
15.2 41.1
38.5 53.1

85
5
12.7 40.7
73.8 3.9
44.5 29.9
82.3 44.1
68.0 35.8

87
3
9.7 83.7
51.3 56.7
2.6 19.3

54
11
20.5 39.7
22.0 53.3
9.3 19.4
43.8 17.6
4.8 49.3
24.2 30.1
42.2 10.4
39.6 2.6
25.5 48.7
30.8 10.1
53.2 42.3

52
13
3.3 24.0
51.2 46.2
37.9 29.9
1.4 41.8
6.7 44.4
30.2 16.9
27.5 34.2
45.7 16.7
4.6 47.5
20.9 44.3
12.5 23.0
13.8 24.1
1.4 41.3

97
10
82.9 58.4
94.1 53.4
41.7 35.2
47.5 45.5
64.9 21.4
17.5 43.8
60.3 22.1
77.1 38.8
31.4 71.2
76.8 12.6

74
4
11.4 10.6
11.4 21.1
26.2 22.8
40.3 1.0

57
13
51.5 21.5
14.8 33.6
33.1 42.1
53.7 6.4
41.3 54.2
28.5 5.3
31.2 11.2
35.8 13.8
40.3 14.2
35.6 32.0
23.1 52.6
4.9 29.1
26.3 4.4

63
3
32.3 36.1
25.0 19.4
10.2 31.4

64
12
8.1 27.4
34.2 61.4
50.4 38.3
18.6 29.1
12.6 16.5
35.2 54.4
9.9 53.8
33.6 14.9
28.7 12.3
26.1 63.0
4.2 4.1
54.5 58.7

77
9
43.3 37.9
61.3 21.0
45.7 51.3
25.9 53.5
48.1 28.9
72.8 52.7
10.0 48.4
37.5 46.0
5.7 64.5

56
13
19.6 21.3
42.5 40.8
8.6 40.3
19.7 11.7
40.8 44.6
19.5 44.2
48.9 24.1
46.3 8.3
33.1 44.5
36.0 32.0
20.1 35.6
5.1 43.2
44.5 33.5

78
16
21.8 29.5
25.5 43.8
30.1 35.1
8.4 67.5
48.1 9.1
73.4 61.1
25.3 21.4
26.9 10.8
37.8 32.8
33.7 30.6
58.1 58.0
20.5 68.0
75.9 22.5
44.3 53.0
28.1 53.2
28.9 45.1

54
20
47.0 13.0
33.7 5.4
29.6 37.2
40.6 52.8
39.9 11.4
47.8 41.4
49.6 1.7
4.7 19.0
35.2 40.0
4.9 24.5
46.8 50.8
40.9 48.3
37.6 49.5
25.0 7.1
48.1 46.0
26.0 33.7
4.3 39.7
1.1 13.9
31.3 16.3
29.2 52.8

50
2
23.3 18.1
6.7 26.0

52
17
38.0 5.3
27.7 13.0
36.0 34.5
47.2 31.0
29.2 35.7
18.5 19.7
28.6 14.7
7.4 34.6
47.3 30.2
17.4 9.4
4.4 2.3
25.1 21.2
21.3 29.3
2.6 24.0
20.5 35.2
40.5 10.8
2.4 43.3

56
16
42.4 47.3
27.1 31.0
23.4 21.3
29.0 53.3
45.3 3.0
37.1 43.7
22.3 48.8
23.8 7.9
18.1 20.7
22.4 24.0
36.2 32.6
47.3 25.5
47.7 13.0
53.4 49.7
3.2 37.1
6.0 20.5

69
20
56.0 2.7
34.8 32.9
47.0 57.3
39.6 33.2
12.7 35.6
40.4 20.8
37.6 44.0
3.1 33.9
51.1 15.2
15.9 36.4
43.0 30.6
11.7 39.4
27.6 13.1
68.0 65.0
7.7 54.7
57.8 22.0
36.9 60.8
25.2 14.1
26.8 2.5
3.1 25.8

97
20
13.3 90.8
34.5 96.9
66.8 37.9
36.2 58.5
10.4 2.5
13.4 10.0
8.4 42.5
90.8 47.0
65.2 20.5
43.5 71.2
35.2 19.3
13.2 74.4
84.2 57.8
31.4 92.2
27.7 36.5
59.5 41.8
73.5 67.0
64.3 94.6
8.8 49.2
44.1 74.4

80
14
57.3 17.3
69.8 29.0
79.1 54.1
51.2 55.9
4.4 21.6
57.9 55.5
55.4 68.6
31.4 40.5
8.6 48.9
20.6 38.5
25.9 45.7
50.7 78.1
50.6 68.2
1.5 77.5

95
19
57.5 5.1
76.4 18.4
18.1 94.6
94.3 87.0
7.7 27.6
11.5 53.5
82.7 19.1
23.5 2.0
24.5 90.8
59.0 29.3
30.9 62.5
47.4 19.2
88.7 9.6
12.3 37.2
52.0 69.5
74.3 16.7
62.5 29.9
60.4 16.5
22.1 67.5

95
14
70.3 41.8
27.5 71.4
71.1 40.0
31.0 84.8
50.7 61.1
74.8 45.9
91.4 86.5
13.9 3.7
84.0 86.8
93.1 40.9
75.0 88.6
4.0 80.2
14.8 3.6
87.0 59.9

66
4
15.9 39.5
26.2 59.8
44.8 22.7
6.2 56.5

70
6
37.5 53.5
46.1 60.8
47.4 5.5
57.8 38.3
8.2 47.1
44.1 53.9

55
5
28.2 4.8
36.7 19.6
36.3 53.3
1.9 17.3
34.4 12.7

76
20
44.0 75.1
75.2 66.6
33.3 17.0
28.8 34.2
70.7 51.2
40.0 71.9
4.9 56.8
62.6 38.9
58.7 45.1
75.0 46.9
21.7 73.4
9.6 24.6
52.6 10.8
22.5 2.2
33.1 60.5
31.8 25.0
15.1 67.0
58.5 60.7
31.5 59.5
32.1 45.6

53
6
38.3 24.1
42.1 47.6
3.5 22.9
36.0 49.4
20.4 42.4
20.8 32.7

91
6
49.2 14.5
40.7 64.7
87.0 38.9
56.2 12.6
50.4 30.7
9.4 76.7

56
4
20.2 31.1
54.9 55.2
19.5 45.1
13.9 45.4

86
10
72.9 54.2
77.7 84.5
76.8 20.0
20.3 24.4
82.2 58.4
33.5 81.6
33.5 66.7
1.7 45.6
58.3 17.2
9.8 66.5

55
18
24.0 24.4
40.1 39.2
49.2 44.0
20.3 37.8
31.3 16.7
47.3 52.1
36.5 5.6
17.5 44.9
21.2 10.3
35.6 13.8
44.7 16.1
13.9 52.1
6.4 26.3
17.7 51.8
41.6 12.9
44.7 15.2
12.2 49.5
3.7 13.3

62
20
14.9 34.1
28.2 14.8
13.3 59.6
27.8 59.5
54.4 5.2
39.7 16.7
12.4 43.6
46.6 58.1
33.2 54.5
59.3 24.1
32.8 5.2
36.2 53.6
33.9 20.1
25.4 60.5
58.5 30.2
18.0 56.5
53.7 53.1
32.0 34.8
6.7 19.7
6.6 38.5

100
14
42.1 89.9
76.0 92.5
56.5 61.6
66.9 34.0
40.1 29.9
48.6 51.1
26.9 80.1
84.1 8.1
95.5 20.5
76.0 37.1
68.2 83.7
56.9 14.5
50.1 83.2
21.6 37.2

75
8
49.7 64.5
43.8 33.3
31.8 21.7
7.8 70.4
55.0 38.4
15.5 12.1
22.6 72.0
29.0 23.2

74
11
17.4 41.8
14.6 66.5
5.0 6.1
29.5 63.4
52.8 49.0
58.7 61.1
29.9 6.0
3.6 2.1
28.6 2.9
40.2 65.0
53.8 14.6

58
5
9.5 8.6
23.1 12.6
18.6 48.7
33.2 10.7
36.8 35.4

72
7
60.4 2.3
69.4 55.1
58.3 25.7
17.8 38.1
37.0 70.2
50.3 8.1
17.9 19.9

69
18
13.3 43.1
52.1 39.9
1.4 11.2
38.7 53.7
60.7 65.0
64.8 65.5
64.9 5.1
17.8 57.0
26.5 57.0
20.6 10.2
39.5 30.3
20.8 65.2
25.1 37.7
35.4 53.3
18.7 53.4
43.0 35.2
61.5 47.1
29.1 28.9

92
7
35.3 81.0
56.7 56.6
14.3 5.4
45.0 31.5
68.9 45.4
22.2 8.0
58.6 61.0

91
20
42.7 72.4
47.8 8.9
74.9 7.8
83.1 72.8
35.9 80.8
75.3 72.7
34.7 90.1
70.4 74.0
59.2 58.6
33.8 63.9
30.2 68.0
38.5 27.4
51.6 18.2
53.8 19.4
1.0 78.2
11.5 63.7
59.3 78.7
71.9 15.8
60.5 21.6
75.2 39.5

94
13
74.5 85.9
61.3 30.9
68.2 83.5
16.5 71.2
25.7 31.7
17.4 10.6
17.8 64.3
62.3 72.3
9.0 60.0
61.0 39.8
81.3 92.1
45.4 78.3
68.5 65.5

87
15
23.0 20.4
3.3 76.4
43.4 32.8
44.2 86.2
46.9 14.3
33.8 39.2
9.4 11.9
32.0 38.4
58.4 14.1
12.4 13.7
37.9 4.0
86.6 39.3
9.4 85.0
86.0 22.3
58.7 65.9

60
6
58.7 54.3
25.3 12.4
39.2 28.1
47.2 43.5
3.7 56.5
9.9 44.9

51
12
39.8 5.6
44.9 42.9
31.9 7.2
7.5 45.5
21.3 5.7
42.1 9.6
38.6 12.9
37.4 7.0
25.9 36.1
15.2 39.3
13.9 13.3
3.6 13.0

50
20
24.9 6.1
16.4 30.1
1.0 29.5
25.8 17.2
46.1 20.3
41.6 30.6
7.7 19.0
35.4 33.0
44.2 49.3
36.1 27.5
8.9 8.8
34.6 11.6
9.8 20.2
31.0 37.9
18.3 37.9
35.9 17.9
41.7 42.2
30.9 5.2
2.7 35.7
15.2 15.9

93
18
29.4 7.0
46.4 56.2
13.9 40.6
3.6 33.1
23.6 6.6
31.6 74.1
85.9 28.9
12.8 13.4
22.3 58.2
69.1 1.9
52.3 83.2
14.6 7.3
25.5 2.4
16.3 4.3
2.9 35.1
74.7 60.2
74.3 67.6
67.2 69.7

84
16
55.2 14.4
71.5 6.5
63.5 45.1
57.2 67.7
72.0 35.7
13.3 68.8
80.9 78.5
4.2 22.6
70.6 6.3
2.1 78.4
20.2 68.6
46.1 28.4
36.8 52.4
61.6 50.1
17.3 72.8
1.2 34.1

90
7
27.3 31.6
82.4 24.4
56.6 55.6
56.5 65.4
20.9 20.2
86.7 29.8
28.6 57.8

88
18
76.8 15.0
32.1 48.0
21.3 80.7
38.8 82.1
17.6 50.8
1.9 36.1
76.5 3.3
45.0 72.9
56.0 41.5
55.6 16.8
60.1 41.6
80.8 84.4
35.6 75.1
27.6 32.8
42.1 81.7
54.8 43.8
86.6 42.1
64.0 5.4

68
10
10.1 28.2
13.5 66.9
55.7 47.3
56.8 45.9
60.1 11.3
17.4 28.4
34.2 26.7
6.3 50.9
59.2 9.1
39.0 19.9

57
14
40.9 34.2
17.4 22.5
55.9 12.8
38.3 22.9
43.5 34.0
6.4 34.6
22.4 8.7
55.8 53.7
42.0 23.9
21.5 28.8
7.8 33.9
35.2 29.0
50.5 1.0
39.5 36.3

86
3
65.3 15.4
15.8 64.1
5.5 47.0

54
7
50.0 28.9
48.9 8.4
23.2 4.3
1.6 27.7
26.6 37.0
46.8 47.5
40.2 17.3

58
12
57.6 16.4
12.4 16.3
43.6 50.7
36.2 2.5
1.4 48.6
25.9 13.2
42.4 44.1
56.7 40.7
4.4 35.5
48.5 14.8
35.4 41.3
2.5 28.7

76
11
66.9 18.6
61.4 71.4
34.3 29.7
74.3 59.7
50.6 20.4
13.2 41.4
27.5 50.8
44.6 29.8
1.7 58.8
75.2 74.1
38.2 32.9

88
4
32.0 52.5
20.4 42.0
2.3 52.9
10.1 8.2

82
11
6.2 10.2
62.0 74.3
56.9 79.1
40.3 55.5
47.0 3.9
1.5 62.6
6.6 4.1
33.0 53.7
54.6 25.8
15.7 7.6
56.6 41.2

55
12
53.6 19.6
26.6 8.0
30.2 30.5
53.4 30.8
41.8 34.5
35.9 40.9
40.0 39.6
7.2 24.8
45.4 54.7
28.0 33.1
1.1 37.9
3.1 49.2

100
12
22.5 95.7
38.7 65.9
77.0 76.1
24.2 8.4
39.4 63.4
26.1 64.3
16.6 41.8
11.0 59.8
66.7 56.7
61.3 2.4
28.7 93.3
60.2 34.4

77
10
66.5 57.0
45.1 67.5
7.7 66.7
9.4 25.2
31.8 2.2
11.5 72.1
64.6 10.8
5.6 33.7
41.7 74.4
22.4 44.8

80
2
42.0 33.0
47.0 63.9

95
4
5.5 30.4
36.3 29.4
34.9 59.7
44.2 57.8

71
13
66.5 47.7
58.3 20.7
1.5 45.3
50.8 8.9
42.2 59.7
21.1 37.9
56.6 66.4
37.0 27.4
55.4 56.7
68.0 25.8
23.2 39.2
68.5 18.1
70.1 42.2

100
8
68.0 77.2
4.9 38.0
32.0 97.9
68.6 56.8
13.6 77.4
65.1 78.3
11.2 91.9
21.1 9.6

76
6
33.5 44.5
49.4 26.6
34.1 5.9
50.7 57.9
12.7 30.2
3.2 36.2

75
5
60.5 72.1
3.4 4.0
71.0 35.2
35.9 32.6
60.0 62.5

99
4
42.0 92.3
53.3 46.5
44.8 48.2
30.0 91.3

67
19
21.5 52.3
14.2 12.0
50.1 23.9
37.7 3.1
51.2 31.0
33.8 29.0
3.2 13.0
66.9 52.6
54.3 6.3
5.6 58.9
11.8 32.1
17.0 59.8
13.3 33.6
2.0 49.6
22.5 49.8
61.2 49.5
9.3 4.9
39.5 54.9
44.5 59.2

55
11
47.4 37.9
12.9 38.6
40.0 17.8
20.6 5.0
44.4 29.6
13.6 50.0
30.2 37.5
45.9 17.2
4.2 23.7
25.9 33.6
16.7 19.3

68
14
2.8 3.1
34.5 59.2
61.1 36.3
51.5 14.0
54.5 8.7
20.4 48.0
13.5 8.1
65.9 26.0
19.4 6.3
52.9 47.8
51.4 58.0
54.3 46.1
51.8 47.2
47.6 47.3

86
2
28.6 79.0
7.3 80.9

94
4
67.6 81.1
9.3 82.8
90.8 9.4
44.2 28.7

97
15
40.6 17.8
22.2 48.3
81.0 83.7
38.5 57.6
55.0 54.5
93.3 13.7
95.2 30.8
72.7 94.5
76.2 11.2
39.8 91.0
27.8 1.0
81.7 17.6
76.6 23.2
26.9 21.5
83.1 32.9

66
2
1.0 47.1
8.7 29.0

55
20
11.8 8.7
23.2 9.2
48.0 40.5
14.9 2.7
28.8 2.3
45.3 30.4
47.8 45.3
54.8 49.1
49.3 21.0
32.8 46.6
1.5 11.0
25.8 5.6
50.0 26.4
33.2 16.1
12.8 20.5
47.6 17.6
49.5 32.8
11.2 14.4
41.8 48.8
25.0 37.0

95
4
83.4 94.8
62.1 38.8
49.7 9.5
67.4 1.3

60
8
9.4 58.5
28.4 10.0
24.0 32.2
42.5 35.4
32.4 21.5
21.2 19.3
39.8 43.9
10.8 37.1

98
6
59.3 97.3
47.3 52.2
62.9 52.1
13.9 22.7
27.2 62.9
73.5 87.4

83
15
5.2 55.6
49.3 30.1
44.2 51.5
2.7 61.0
70.3 62.4
19.0 71.5
23.4 72.0
14.6 10.9
49.7 21.8
15.7 28.8
64.8 8.0
57.3 35.6
64.3 22.3
60.0 46.1
58.5 52.9

81
3
1.0 10.7
8.4 78.5
30.4 6.4

91
20
69.1 43.7
21.9 59.7
88.8 14.4
12.9 77.5
53.6 46.3
65.3 32.5
61.5 61.1
15.0 31.0
23.5 84.4
52.9 10.7
42.8 25.4
21.7 71.7
31.2 21.0
47.3 1.0
64.0 67.4
61.6 66.1
67.0 74.1
13.9 49.3
27.8 25.3
34.9 38.1

70
11
59.8 30.3
67.1 26.6
68.4 22.9
63.7 17.4
46.0 34.0
28.2 67.3
56.6 57.0
63.1 2.3
57.7 41.4
61.7 54.3
3.0 18.5

57
13
26.9 39.3
36.0 56.4
5.6 44.0
5.1 8.7
24.2 28.8
30.0 23.2
45.2 46.7
44.6 48.1
5.8 49.3
26.3 35.5
18.4 42.4
44.7 45.1
13.9 17.7

73
6
61.9 15.0
37.4 35.7
25.7 16.3
35.5 21.1
43.5 17.2
5.0 43.1

52
10
1.7 51.5
23.6 1.2
18.2 5.9
2.6 20.2
44.6 44.1
35.1 2.7
16.1 15.4
26.6 36.6
33.4 11.8
39.5 17.7

74
20
1.4 24.3
28.5 27.8
25.2 15.5
14.4 64.2
43.6 18.1
6.4 7.0
52.5 55.5
47.6 54.1
71.2 49.0
23.8 50.1
31.6 64.3
27.8 37.7
17.9 32.0
22.6 9.7
23.6 47.4
11.5 67.6
28.1 3.2
20.1 69.1
9.6 8.3
58.1 3.0

51
17
42.8 17.6
39.2 43.3
40.2 39.6
33.7 50.7
35.3 47.3
38.8 9.9
11.1 10.8
33.8 26.1
19.9 1.4
35.2 34.2
49.0 13.3
41.4 13.3
16.1 23.0
18.6 39.1
6.8 26.1
40.1 14.7
50.7 19.9

87
2
34.0 72.0
85.6 67.0

97
11
32.9 19.7
95.1 13.8
84.9 40.7
51.3 11.4
20.4 64.8
3.8 51.1
21.4 90.1
50.6 30.3
57.6 15.3
15.8 37.9
4.6 47.2

59
17
26.0 32.6
55.1 3.1
12.8 56.4
30.1 36.7
36.5 25.0
33.8 34.5
27.9 1.6
29.9 35.8
13.0 57.6
26.5 28.4
23.7 3.9
21.3 12.8
21.3 12.1
5.7 29.1
45.1 56.3
54.1 12.1
38.9 28.9

77
17
6.1 23.6
26.7 32.3
50.8 40.4
16.5 28.6
28.2 37.1
19.4 66.0
71.2 3.7
26.9 24.5
4.8 58.6
58.8 24.3
71.4 76.3
11.4 52.3
37.2 33.0
46.9 8.3
57.2 46.4
28.0 42.2
70.2 16.3

65
13
40.4 56.8
18.5 30.2
17.6 7.5
64.7 60.2
63.9 60.0
50.8 39.0
10.7 37.9
37.5 3.5
31.8 4.9
19.5 44.7
24.3 20.3
44.3 60.3
50.3 20.9

69
19
56.6 5.3
7.7 37.8
2.4 35.5
31.1 25.5
52.4 18.7
24.6 18.9
24.6 42.9
57.8 50.0
18.8 27.3
66.0 20.5
2.4 36.0
14.3 65.0
39.1 27.5
16.7 51.2
30.9 14.0
23.0 41.3
2.4 13.8
17.5 18.6
53.5 42.3

83
6
6.7 62.1
72.7 27.5
75.7 1.1
66.1 76.1
75.1 65.9
73.1 81.0

53
11
20.6 30.1
9.9 7.7
6.0 16.1
45.3 33.2
16.8 24.8
22.6 40.7
16.7 6.5
32.8 50.0
25.0 51.0
2.4 2.8
48.4 2.5

77
20
53.6 74.0
62.8 46.3
68.7 50.1
54.8 16.6
62.7 63.6
5.2 3.1
54.3 57.1
26.7 47.5
51.3 24.4
68.4 11.8
3.4 45.0
67.0 39.7
45.9 24.2
49.8 10.1
46.8 25.5
52.8 74.4
68.0 9.8
51.9 16.1
64.7 51.5
64.4 36.1

85
14
16.3 14.1
36.8 4.8
31.6 48.0
64.3 78.6
6.4 80.4
53.0 11.0
48.6 20.8
58.2 7.3
9.9 14.4
63.1 64.6
83.4 40.3
62.6 64.3
55.3 12.0
47.5 37.1

82
17
81.1 50.4
67.9 49.7
32.0 12.6
67.1 27.9
45.2 55.7
54.4 53.9
58.6 61.3
64.8 32.0
77.8 10.9
5.3 56.6
14.6 19.2
35.3 37.8
11.3 1.6
55.0 2.7
47.4 21.2
22.2 79.2
70.1 51.0

91
15
15.8 47.6
74.1 35.1
9.3 24.3
70.0 78.4
12.0 82.7
22.4 45.2
75.4 16.8
7.2 72.5
22.5 29.2
84.9 3.2
36.7 8.3
26.1 65.5
46.9 12.3
74.2 22.7
21.2 16.7

62
4
7.1 21.8
27.5 58.9
28.6 36.8
1.8 9.5

84
11
1.3 68.7
38.6 4.2
15.1 25.9
18.6 54.8
21.4 18.6
41.5 57.8
75.6 61.0
32.0 28.8
17.2 59.7
48.3 44.4
30.2 5.1

82
5
26.2 28.6
77.8 72.9
25.0 68.1
74.0 51.6
72.6 70.7

50
8
4.0 24.3
30.7 27.4
28.0 38.2
23.1 19.3
40.5 18.9
39.2 46.2
1.5 42.3
49.6 21.3

77
18
63.0 38.1
9.5 57.6
47.3 17.0
9.5 72.0
17.8 13.3
34.0 76.6
20.5 9.2
75.8 8.0
35.6 6.8
54.0 7.1
20.4 22.1
73.7 17.5
29.1 10.3
63.1 59.6
60.7 59.4
12.3 40.0
71.8 37.4
67.4 6.4

90
15
30.2 8.7
82.8 67.9
69.4 2.4
57.0 29.9
71.4 45.5
8.4 52.7
5.9 2.6
25.5 81.4
73.9 80.5
63.4 52.5
49.2 1.7
4.4 22.2
47.1 5.2
50.3 71.0
47.9 86.8

63
9
40.4 54.3
8.9 32.6
6.6 7.2
50.0 30.4
15.2 20.1
41.0 16.1
35.7 57.1
41.0 12.2
7.5 17.1

59
15
38.9 42.6
44.2 45.6
24.4 37.8
56.7 24.4
16.9 47.6
38.8 55.5
15.4 42.7
2.0 5.5
22.6 12.5
7.6 38.0
50.9 15.9
33.2 42.1
36.8 52.1
50.6 48.5
21.9 27.4

97
11
31.3 53.2
41.8 39.1
24.4 41.1
37.3 29.5
84.6 78.0
17.0 69.1
71.9 11.6
53.0 57.9
88.6 82.9
43.8 32.6
65.0 66.9

81
10
48.9 80.3
20.7 31.5
42.3 68.8
27.7 57.4
12.2 70.4
41.1 57.1
20.0 9.0
36.0 43.2
54.2 50.7
6.0 69.5

62
11
6.6 3.2
61.0 6.6
58.2 44.4
5.1 45.4
10.1 7.0
12.7 17.3
60.7 52.7
16.2 41.2
18.6 26.5
23.6 41.8
57.9 47.8

76
18
48.2 70.8
47.8 71.7
42.1 73.1
11.3 16.9
1.4 57.5
34.6 55.3
68.2 21.2
11.8 69.1
54.7 66.3
67.2 31.9
73.0 34.5
32.1 50.3
41.3 40.4
71.3 23.7
16.8 29.5
14.6 56.8
70.1 75.5
59.8 47.4

76
2
47.0 20.2
7.4 42.9

78
9
36.6 25.1
25.7 13.7
76.8 54.9
24.3 61.6
22.3 44.2
76.2 36.0
11.0 14.0
22.1 52.8
41.4 69.8

98
20
77.1 85.9
85.2 84.6
94.0 4.7
5.2 74.3
8.8 78.6
40.9 55.0
84.8 42.2
79.0 95.7
40.1 19.1
66.0 84.0
6.1 87.0
14.4 96.7
81.4 31.8
3.4 63.4
79.9 51.5
17.9 3.7
9.9 58.1
64.9 59.1
45.4 92.5
87.1 87.8

65
9
1.4 60.0
23.1 47.4
27.3 12.7
53.8 19.8
20.0 54.3
45.8 8.1
27.9 15.5
64.9 12.0
2.0 13.9

64
4
59.1 49.7
42.0 7.8
37.4 59.6
17.1 42.1

52
7
7.7 19.5
30.4 21.4
11.1 48.9
1.7 17.9
11.1 26.4
5.2 6.7
26.6 14.7

60
11
11.8 56.2
5.8 35.7
36.2 44.6
3.1 18.8
47.6 46.0
52.9 37.6
27.6 10.0
13.2 27.7
3.8 35.1
27.0 41.3
51.9 1.2

91
10
87.6 18.7
37.7 15.7
47.7 6.9
90.5 41.3
87.7 82.3
20.2 77.1
47.2 47.1
25.1 24.8
60.1 28.6
84.3 9.2

59
19
39.6 2.2
29.1 41.6
24.4 26.9
52.3 6.7
16.6 15.8
15.5 44.9
5.2 24.2
7.1 30.5
7.8 43.8
27.6 51.5
32.9 12.4
12.5 11.3
6.0 1.4
47.5 43.3
38.6 18.7
58.3 23.3
2.8 50.8
17.4 54.8
29.4 12.8

66
13
39.5 55.2
44.7 4.0
2.6 32.2
25.2 9.9
7.3 14.5
44.6 18.7
10.6 60.6
33.8 64.2
59.5 45.8
37.6 63.6
58.7 10.0
49.7 15.9
4.1 7.5

76
9
45.4 12.3
8.1 42.4
22.3 18.6
19.0 58.7
56.3 54.1
38.1 2.2
70.0 38.5
67.1 28.4
12.5 38.2

66
20
58.0 11.7
30.9 48.5
60.6 40.4
56.9 51.2
3.6 25.6
34.7 16.1
60.3 26.2
56.2 44.6
2.9 65.7
65.8 15.2
58.3 20.6
65.6 59.1
58.0 42.1
24.3 53.4
13.0 3.0
16.6 21.5
21.8 24.2
14.6 6.8
47.6 1.8
34.0 8.8

81
10
8.4 68.6
62.4 22.1
70.1 72.0
73.3 10.3
33.3 44.1
42.4 16.6
60.2 49.0
62.4 75.6
25.9 6.8
22.8 27.7

86
7
65.4 42.9
7.5 70.1
17.6 36.7
34.4 55.6
23.7 6.5
81.6 27.5
25.1 37.0

66
20
38.6 24.7
52.2 30.1
15.0 34.1
55.5 43.7
29.2 63.5
4.4 21.0
16.8 14.9
25.7 59.4
35.5 22.2
47.4 16.4
7.4 3.6
62.8 45.5
11.5 26.7
54.2 39.0
4.2 13.3
39.1 61.9
41.2 21.7
30.1 15.6
28.0 60.6
17.6 39.3

90
2
49.1 14.8
44.0 50.4

93
15
82.1 59.6
28.1 61.7
16.7 5.1
71.9 21.2
14.5 22.8
90.5 2.3
69.1 90.3
81.3 82.1
31.5 12.5
24.3 77.9
81.7 19.8
14.9 23.0
27.0 65.6
39.9 75.3
51.9 77.1

73
9
10.7 43.4
52.7 31.2
21.6 14.0
9.0 69.3
19.8 14.5
47.7 20.6
12.4 5.1
56.9 57.9
52.2 44.4

71
2
33.0 70.2
49.9 57.2

54
4
28.3 31.8
15.1 28.4
21.2 8.7
24.1 4.0

63
8
48.7 52.0
40.7 37.4
57.1 43.3
5.1 51.6
22.8 11.4
56.7 53.2
25.1 62.4
8.0 5.2

79
17
27.7 77.4
44.4 10.3
31.6 11.8
4.6 67.9
70.9 39.6
13.7 77.5
16.6 5.7
12.2 39.7
17.6 15.0
4.6 1.4
48.1 19.8
44.3 76.3
76.4 68.2
38.5 11.8
67.1 73.3
33.1 30.1
70.0 45.0

61
6
1.4 21.8
44.4 24.9
1.9 31.3
48.8 18.4
16.6 21.7
5.0 57.6

94
18
35.7 43.1
66.3 49.7
29.2 29.3
87.6 39.1
53.2 47.7
86.9 57.3
82.0 44.7
9.0 3.4
43.8 92.3
43.3 50.5
25.5 54.5
62.7 61.5
47.1 52.0
24.3 5.0
89.6 77.6
55.7 29.6
8.9 89.5
46.5 21.6

90
6
62.5 84.1
26.7 71.8
2.5 63.6
11.8 71.7
15.5 5.6
27.9 41.0

72
10
64.8 19.8
22.5 48.0
68.7 70.3
15.8 1.8
22.9 45.1
7.1 46.6
43.1 47.1
2.1 67.7
59.4 11.3
36.8 25.9

97
6
19.3 25.7
29.7 63.4
43.0 44.7
54.6 66.6
49.7 20.1
29.0 8.8

78
13
6.3 29.5
42.6 40.3
77.6 14.2
35.2 9.0
29.4 65.8
65.6 2.7
1.3 67.0
52.0 14.6
28.2 18.1
51.9 4.9
55.9 13.5
29.1 12.1
46.7 45.0

90
20
7.2 21.1
49.4 60.4
23.0 88.2
86.8 7.8
81.2 23.7
23.7 20.2
16.5 59.8
79.7 7.9
64.9 34.7
4.3 49.7
13.6 36.2
63.3 53.0
32.2 2.4
52.7 8.3
25.8 89.8
11.3 3.2
28.6 17.3
15.6 22.4
76.9 74.2
79.9 89.4

59
18
41.4 28.6
3.3 55.1
5.8 16.0
14.7 37.8
17.9 1.3
8.3 36.0
32.7 41.2
24.4 51.6
1.0 21.6
26.6 20.6
58.9 53.0
21.7 17.2
46.4 7.5
3.9 28.1
41.9 23.6
8.7 54.6
28.5 51.4
24.2 2.4

55
13
9.2 14.4
16.0 35.4
15.2 14.0
51.0 34.0
47.8 37.1
22.6 3.7
1.2 51.5
19.0 31.0
7.2 2.6
30.6 2.9
10.5 37.1
42.8 52.1
34.4 4.4

99
7
55.9 80.9
63.4 64.2
16.3 21.7
55.9 33.5
63.4 55.7
91.1 15.4
46.2 92.4

97
9
23.3 61.2
64.7 89.7
55.5 70.1
17.9 38.5
24.8 40.3
91.5 85.2
31.3 73.8
73.0 71.5
69.7 95.1

81
7
60.9 58.2
33.4 77.6
50.7 4.6
64.0 7.6
51.4 12.0
39.6 22.0
30.4 47.4

53
13
11.4 40.8
11.1 50.6
32.8 42.1
34.4 31.2
21.3 9.8
18.0 4.8
4.0 23.6
26.2 33.1
3.4 33.7
28.3 52.5
52.3 49.6
19.1 20.5
37.9 26.2

83
4
61.8 72.0
31.0 7.6
23.3 8.2
5.9 7.6

91
19
70.2 41.5
43.5 23.0
61.9 65.7
21.4 42.7
17.4 5.6
32.2 64.4
3.1 41.8
76.6 41.3
63.5 4.5
68.9 41.2
22.6 19.8
68.3 26.3
31.1 14.7
24.4 83.5
8.3 66.0
50.5 70.8
29.0 39.3
74.3 50.7
1.4 14.3

65
6
40.4 41.4
35.5 7.1
20.5 39.2
3.0 49.4
52.6 39.7
32.4 38.2

85
3
34.7 45.9
50.2 49.1
53.1 42.9

85
18
20.7 69.7
51.1 61.0
78.4 32.1
61.8 80.6
40.3 50.2
9.3 7.4
80.7 27.9
43.4 66.9
22.3 38.1
76.5 18.4
73.6 50.2
70.5 34.9
28.2 67.2
80.4 37.3
19.1 21.7
83.1 19.5
72.8 14.9
32.4 28.2

89
6
81.9 25.8
86.1 21.4
32.6 50.3
76.9 22.2
27.6 79.0
6.4 6.1

68
20
31.8 44.3
29.9 14.0
63.7 61.7
63.8 36.6
59.3 12.2
45.3 59.6
41.8 18.5
65.6 60.4
23.3 7.2
10.7 43.1
18.5 17.5
51.4 19.8
27.7 27.3
13.0 65.7
2.2 65.9
35.0 62.3
14.6 60.3
3.1 65.1
54.6 54.8
59.9 67.3

73
17
56.2 38.5
67.4 11.8
29.9 28.9
59.8 52.1
41.6 6.6
3.0 32.8
61.0 58.8
47.9 25.4
8.9 59.1
56.9 41.6
38.4 24.7
63.9 12.2
43.5 8.2
62.5 20.2
15.1 26.7
49.6 38.8
59.1 54.5

86
5
30.6 55.6
63.2 45.1
65.9 66.3
21.6 68.0
54.9 59.4

94
6
48.7 15.2
18.9 5.0
11.1 25.5
65.0 27.5
77.0 57.5
78.2 77.7

60
14
40.5 29.5
45.1 4.1
40.5 19.5
44.3 52.3
38.9 23.1
6.4 32.0
9.5 23.3
42.7 37.6
18.0 31.8
30.3 40.4
13.7 10.1
6.0 44.2
30.2 43.6
1.2 53.1

93
13
31.3 20.4
2.7 67.0
59.7 77.4
20.9 48.5
32.1 81.0
26.9 87.8
31.8 13.0
92.4 33.5
43.9 32.1
83.3 16.9
48.4 29.8
24.7 85.3
6.4 73.6

54
18
17.1 43.7
48.0 14.6
44.1 38.0
28.6 2.7
11.9 20.6
26.6 24.9
11.0 52.1
39.5 4.9
43.7 48.7
9.9 20.5
51.3 31.2
42.6 6.6
24.6 40.4
34.8 11.8
4.9 25.0
53.0 32.9
27.4 23.5
31.8 28.6

95
12
29.4 32.6
16.7 10.4
26.2 93.9
81.3 82.8
38.9 26.6
40.1 46.7
3.4 6.8
11.1 71.4
12.7 78.8
35.4 71.2
57.3 50.3
77.8 42.4

98
11
31.9 95.8
44.7 74.4
90.6 85.5
91.7 97.0
3.9 16.8
5.4 37.6
77.0 22.8
61.2 5.2
57.2 28.6
8.2 79.5
78.4 74.3

71
16
65.0 14.0
43.9 5.3
39.7 13.0
55.0 54.4
54.4 69.3
23.6 3.3
57.0 38.8
34.1 69.5
41.4 29.2
68.0 33.8
16.4 36.7
33.6 7.2
49.5 70.9
69.7 54.6
25.5 14.1
54.2 51.5

61
2
41.2 26.9
46.3 4.8

80
12
55.9 53.6
60.5 2.9
62.3 25.0
17.8 64.7
2.1 61.4
10.3 6.9
69.2 57.2
25.5 15.0
55.7 74.8
47.2 71.5
33.9 60.7
63.0 20.3

69
15
16.6 43.8
17.9 37.6
43.8 50.3
12.2 21.5
33.6 52.3
60.9 50.0
50.3 62.5
55.4 29.6
45.8 38.6
65.2 31.3
6.4 22.6
38.1 2.1
1.6 43.8
61.7 27.5
2.1 8.5

90
13
31.2 27.6
59.9 25.4
66.6 33.6
76.6 73.6
78.4 42.3
56.9 21.5
49.9 29.0
44.8 69.2
66.2 79.6
18.6 2.0
81.1 60.3
6.0 9.3
32.6 33.4

86
8
45.2 71.3
45.9 85.7
56.8 67.9
10.4 37.3
54.5 34.8
56.2 47.1
12.9 79.0
75.3 59.5

88
17
3.8 77.3
38.8 47.5
45.5 15.9
71.3 1.7
55.5 62.0
39.9 12.0
77.7 54.2
29.5 19.8
82.8 32.4
51.4 83.6
61.0 23.5
63.1 83.5
77.4 47.4
14.0 59.2
8.8 57.6
15.6 12.1
58.3 27.4

65
13
12.9 48.5
21.3 48.3
44.2 48.1
31.0 60.5
3.3 56.2
3.6 50.7
57.9 52.4
25.6 30.8
53.5 17.9
27.7 35.3
56.5 21.8
44.9 53.3
11.5 1.0

76
10
10.0 17.1
27.8 39.4
63.4 44.7
31.0 5.0
62.6 11.7
22.5 44.1
45.4 45.8
65.2 68.1
30.9 60.9
64.7 36.0

64
15
14.5 23.9
51.1 35.0
13.9 21.1
19.8 58.1
24.1 33.7
42.7 56.0
45.7 29.4
11.5 28.0
41.5 39.1
33.8 27.3
58.9 7.3
45.8 44.3
8.1 12.3
10.7 43.6
61.3 20.8

97
11
65.3 88.3
78.6 39.1
25.2 20.6
33.9 65.6
35.2 18.1
11.1 6.3
93.0 44.3
61.2 72.1
14.6 14.9
15.6 12.0
65.4 93.2

76
10
12.4 27.5
34.3 44.2
68.0 24.2
59.5 7.5
23.8 18.3
4.0 14.3
48.1 38.0
33.7 47.7
21.5 20.1
26.1 56.8

76
13
25.8 20.0
52.9 75.5
49.0 48.2
7.7 41.5
60.5 48.5
30.8 72.3
3.6 64.1
68.6 55.1
14.2 53.2
41.6 53.7
21.7 23.1
64.2 75.8
50.7 1.3

77
13
70.3 34.8
54.2 74.5
18.3 55.6
46.3 13.6
49.7 4.5
20.6 71.9
6.0 63.3
34.5 8.2
60.9 61.4
52.2 7.7
69.1 10.3
43.8 75.8
59.0 61.7

88
15
41.9 34.4
17.2 53.9
61.9 47.2
78.7 47.1
82.5 3.7
57.0 51.0
65.4 78.6
33.8 82.2
2.6 52.6
31.7 5.5
37.5 86.0
52.6 87.6
47.0 31.6
56.0 14.4
24.0 63.4

59
12
58.1 27.9
20.4 50.0
55.0 6.5
27.5 53.3
26.2 38.8
15.6 47.1
42.6 17.3
46.3 33.3
12.4 40.9
7.7 27.1
34.0 45.0
14.6 35.5

72
8
53.5 32.4
47.9 38.5
25.2 40.1
22.5 21.3
7.0 2.2
65.3 12.8
27.0 24.7
30.3 8.3

86
15
68.9 47.0
11.9 54.2
35.9 59.9
62.5 25.6
80.3 77.1
34.4 62.1
74.5 36.8
1.7 54.5
35.0 44.2
57.4 72.3
22.4 18.9
71.9 63.1
71.0 49.9
49.7 59.3
1.3 82.3

62
10
27.2 23.4
14.6 24.6
22.8 11.3
28.1 14.1
49.5 41.0
53.4 14.6
43.6 25.4
40.6 38.5
49.6 61.3
59.5 48.0

77
15
29.2 74.2
21.7 44.4
2.7 53.0
21.4 49.0
68.3 63.4
35.3 17.0
6.1 74.2
41.8 8.2
47.3 68.4
53.5 5.9
65.7 55.1
56.6 72.3
1.7 5.9
23.9 50.2
62.5 52.7

74
12
33.5 20.3
10.9 43.7
33.4 34.4
73.5 13.5
70.9 26.0
22.9 45.8
2.8 33.4
73.6 35.3
25.9 37.6
59.1 42.9
46.1 23.3
1.5 23.3

89
20
40.7 17.6
34.6 23.2
75.4 88.4
40.2 55.2
18.5 22.4
36.8 49.7
3.1 9.7
1.0 23.7
83.2 51.7
9.9 23.5
44.8 86.2
67.2 83.7
67.2 37.8
85.6 69.4
6.2 24.9
54.2 62.4
6.3 16.4
83.4 40.6
30.0 16.4
85.8 27.1

51
9
15.2 27.1
49.2 24.8
2.7 13.6
37.4 13.5
2.6 48.3
35.7 24.1
42.4 33.5
35.4 10.9
12.9 24.8

70
18
13.8 51.3
58.3 19.6
11.6 58.0
68.2 2.6
21.4 26.8
62.1 37.2
4.6 27.3
30.0 57.9
13.1 8.3
26.7 47.1
16.9 59.4
33.5 24.8
51.9 4.1
27.2 18.0
49.8 5.7
57.5 13.5
55.2 15.4
31.9 12.4

62
10
26.8 8.0
16.1 35.8
52.6 54.3
27.5 1.8
1.6 26.5
53.8 36.4
31.2 15.4
16.1 32.3
9.0 46.6
8.0 58.7

80
4
35.3 69.1
30.8 79.0
7.5 12.7
60.3 46.2

99
15
14.0 34.8
72.6 37.2
42.4 21.3
95.4 71.5
82.5 27.3
56.3 16.0
31.3 74.1
69.6 52.5
65.4 43.4
85.8 25.6
21.1 88.4
28.4 10.5
71.3 26.3
98.7 27.5
67.9 97.3

81
6
21.6 51.5
19.0 31.1
5.5 1.6
71.7 45.9
67.3 57.6
20.4 51.9

95
11
19.5 27.2
91.3 62.4
32.1 51.7
30.9 87.3
69.1 31.3
10.2 83.0
38.1 25.6
60.9 90.6
68.2 23.5
7.8 25.8
42.3 31.7

50
9
19.6 33.2
46.8 27.9
24.0 11.8
19.3 22.1
22.9 10.9
43.3 42.6
5.5 5.6
1.6 30.4
8.8 28.5

78
16
49.0 7.5
32.2 50.7
7.5 15.9
10.2 12.7
31.2 28.9
71.5 59.7
29.2 23.1
26.6 38.1
15.8 51.2
17.5 70.5
4.8 52.6
11.3 72.1
42.6 10.4
68.4 29.2
56.1 38.5
62.1 16.1

51
19
28.3 39.9
24.3 1.7
7.6 20.3
43.6 12.4
24.0 11.5
10.4 13.9
29.5 32.4
20.7 46.5
14.3 27.7
12.6 22.2
18.4 3.3
29.3 42.2
47.3 11.7
32.8 32.8
7.8 12.0
43.7 32.8
33.4 14.1
11.2 17.3
50.3 28.8

61
12
59.9 45.8
16.7 38.1
18.4 22.5
31.2 20.4
25.9 40.2
50.4 1.0
3.7 56.2
20.5 17.2
31.3 29.4
35.6 38.1
52.5 34.4
45.2 27.5

69
13
39.4 60.0
10.3 3.3
66.6 58.9
19.4 68.3
64.4 59.3
54.7 43.8
47.7 38.8
41.0 32.3
53.8 42.7
68.8 64.8
63.3 64.0
7.0 24.3
27.5 17.0

86
4
4.3 76.1
81.8 84.3
43.2 46.7
69.7 21.0

100
12
5.9 30.3
85.4 84.5
24.1 61.4
35.9 99.9
48.7 74.0
3.2 25.2
92.9 67.4
33.5 32.3
62.1 39.2
46.4 28.0
8.4 22.8
43.9 85.7

80
13
23.6 17.2
72.7 30.6
33.0 14.3
51.1 44.1
46.5 75.7
60.1 76.9
48.8 27.9
79.4 20.8
40.9 17.1
36.7 71.1
27.4 73.3
12.2 52.6
4.3 40.6

85
10
59.8 47.5
70.1 36.7
53.7 38.3
45.5 30.7
44.4 78.4
64.7 25.5
46.2 39.1
80.3 1.1
23.2 5.5
68.1 68.7

88
13
67.2 3.4
68.9 39.0
78.4 55.8
39.2 67.1
53.1 25.1
23.2 30.9
42.8 31.5
58.7 53.4
86.2 52.5
61.6 83.7
74.0 7.2
61.8 85.2
55.4 21.6

64
7
58.8 6.4
55.9 61.0
33.5 32.2
58.0 5.7
42.0 27.3
55.8 39.9
23.4 38.8

67
11
30.3 22.2
58.9 7.1
5.3 40.6
42.3 59.4
63.1 53.9
16.0 30.1
27.1 40.6
57.3 66.8
43.1 3.0
22.4 4.7
34.4 2.6

55
17
3.8 52.6
45.3 28.7
17.5 50.0
50.3 14.5
28.4 50.1
48.5 10.1
30.2 18.3
9.3 29.9
46.4 47.3
24.4 30.6
25.2 34.9
7.2 49.9
43.5 26.2
43.6 39.8
9.1 28.9
32.5 5.6
25.0 48.1

71
2
35.6 1.5
4.2 28.9

79
16
30.8 50.0
43.8 15.9
21.5 20.4
39.6 39.2
38.8 54.8
5.2 41.5
49.6 77.8
19.6 22.9
71.8 14.6
22.0 63.7
8.9 10.3
50.5 56.6
34.5 39.1
12.3 37.3
65.4 11.9
22.3 75.1

83
15
52.3 46.7
42.3 38.1
9.5 82.7
65.0 44.8
54.8 30.6
26.0 76.9
40.3 81.2
31.3 70.5
22.6 51.9
46.0 24.8
7.6 19.6
75.9 25.1
67.4 50.9
30.1 59.2
55.5 20.6

84
8
40.0 60.9
58.5 42.9
39.7 49.5
47.1 64.4
39.3 9.9
60.3 47.5
16.7 76.4
34.4 60.3

79
14
50.0 8.8
73.1 76.7
30.6 67.5
77.8 31.0
55.5 5.7
44.5 60.6
68.2 37.4
8.6 34.9
56.6 52.0
38.8 19.0
61.7 17.7
47.8 58.2
49.1 76.1
15.0 74.1

78
7
9.3 33.9
38.4 21.8
22.7 20.2
59.7 66.1
25.5 69.4
1.8 68.9
51.8 37.0

99
8
83.1 54.3
14.2 77.4
13.9 7.8
48.9 62.1
75.9 72.9
51.4 74.7
29.3 65.4
7.5 47.1

97
11
7.9 80.6
34.5 43.8
25.3 48.3
6.8 18.8
25.4 74.3
65.9 16.0
90.5 7.6
50.5 53.8
77.6 88.0
41.8 27.9
84.0 53.8

93
9
4.6 18.6
45.3 51.2
60.6 49.2
84.3 77.1
67.9 62.1
18.3 12.0
87.2 22.8
61.2 33.4
12.5 58.9

97
3
41.7 28.0
84.4 96.5
36.0 58.9

99
2
68.8 86.7
56.2 16.5

53
9
43.2 28.6
4.6 20.4
51.7 35.2
26.7 42.7
20.8 6.5
10.6 34.5
30.9 16.2
16.2 33.2
15.5 31.3

84
15
55.9 22.8
67.9 71.5
79.7 29.1
46.4 21.5
26.1 10.0
55.5 21.9
9.4 82.4
78.7 14.1
43.5 35.5
1.4 72.5
37.7 46.4
16.1 12.6
40.6 74.6
82.3 57.6
18.6 6.6

93
4
42.5 79.2
60.0 60.4
57.2 74.1
29.4 20.1

80
18
41.5 3.0
31.9 79.3
9.2 27.3
58.6 28.1
78.4 51.3
17.0 59.9
4.6 33.3
21.3 52.0
73.0 78.6
77.0 16.3
63.7 61.5
8.6 31.2
26.9 67.3
65.5 74.0
50.2 53.9
59.8 23.3
38.6 19.6
17.4 7.7

87
4
66.8 85.6
33.2 31.9
72.5 27.2
10.5 36.4

67
11
18.6 34.6
11.8 23.5
27.5 22.4
42.8 64.2
36.2 66.3
58.2 58.4
31.8 32.5
15.2 30.0
58.8 54.3
2.5 64.0
39.2 1.1

90
4
48.3 52.7
10.1 64.5
79.8 46.7
18.2 55.2

66
2
36.4 38.4
10.2 9.5

70
7
29.1 49.3
5.4 8.3
10.3 43.2
33.4 28.3
23.3 63.8
40.6 46.4
64.8 59.7

79
10
27.9 31.9
35.4 14.8
41.6 32.4
3.6 73.9
13.1 45.2
21.9 74.0
68.0 62.7
31.5 69.3
71.0 58.7
50.9 16.1

97
6
42.4 51.3
22.8 63.6
78.7 16.1
35.6 23.0
11.6 86.5
62.8 36.0

79
11
67.9 26.8
56.2 51.2
47.9 61.4
43.8 58.8
78.0 20.3
68.9 11.2
35.9 36.6
78.7 42.5
23.7 67.5
31.9 62.9
17.8 28.6

89
6
22.2 37.3
84.9 26.7
52.7 40.8
5.8 14.4
2.6 81.7
66.2 4.0

64
9
58.4 12.6
56.3 11.8
53.0 44.8
45.1 39.9
7.7 19.4
25.5 62.1
14.5 30.5
58.7 15.0
63.4 58.3

92
10
69.8 86.1
3.7 76.8
80.8 27.5
49.4 90.9
54.9 53.5
29.3 29.4
6.3 88.1
85.7 48.4
73.8 30.0
74.6 46.0

67
18
31.1 19.8
45.9 43.4
50.8 40.7
2.4 30.2
29.1 26.3
35.2 19.0
35.5 59.5
18.4 22.1
30.1 24.0
60.9 60.7
58.1 4.2
2.0 12.3
31.7 60.6
21.8 10.4
19.2 39.4
22.5 35.0
33.4 26.3
59.2 51.6

88
20
36.9 9.7
22.5 64.5
56.4 28.7
25.8 36.9
42.9 73.1
24.6 70.2
60.5 4.8
30.1 22.7
76.1 22.9
59.9 10.3
72.1 79.0
68.9 20.7
41.7 12.8
2.2 59.9
22.0 54.0
9.1 42.8
60.3 79.5
52.7 75.1
54.4 78.9
80.7 55.6

82
2
47.9 39.8
29.1 39.2

82
16
51.7 46.2
60.0 71.9
41.8 68.8
20.9 35.9
60.3 16.3
74.6 22.9
14.6 65.8
6.3 27.1
5.6 61.7
60.5 70.1
31.9 54.2
49.5 65.5
60.8 58.1
59.5 3.4
66.1 69.0
65.6 53.6

89
9
60.6 27.4
63.9 72.3
57.0 26.7
28.8 30.6
43.0 31.3
42.9 80.2
87.2 20.3
10.3 71.9
72.0 27.1

63
8
41.9 41.6
55.6 39.9
32.3 11.5
10.5 13.8
27.1 28.1
59.1 9.3
13.9 28.8
33.3 39.3

74
3
34.4 17.3
4.3 5.3
25.3 24.4

86
6
84.0 5.5
64.2 17.0
9.8 39.3
24.1 49.9
14.5 73.5
57.1 69.4

60
2
8.9 26.5
45.8 13.0

59
5
15.1 10.9
24.8 22.1
24.6 54.4
55.6 11.9
40.4 52.6

68
7
47.4 64.8
29.4 8.9
67.5 27.4
40.6 17.4
51.5 7.6
9.3 4.8
46.2 1.0

84
3
21.2 33.3
25.2 59.9
8.5 67.8

74
9
55.1 58.6
8.5 58.8
37.6 61.8
61.2 43.6
25.8 66.3
69.3 13.4
65.9 3.3
50.1 63.0
28.5 32.3

74
4
5.3 69.1
72.1 40.0
12.3 70.2
63.5 25.3

81
12
69.1 52.8
76.7 64.1
40.5 7.8
47.1 64.0
73.5 8.7
77.4 57.1
22.8 59.6
72.4 71.7
19.8 29.9
23.1 36.6
42.7 44.2
76.6 63.5

50
18
41.4 33.3
16.6 27.7
15.2 42.0
44.2 34.2
37.7 20.0
4.4 6.9
44.6 32.7
49.5 16.7
26.3 44.8
18.5 15.1
13.6 4.2
10.3 37.0
31.8 49.5
36.1 40.6
36.6 30.6
3.1 10.4
42.8 28.2
7.8 14.4

50
15
31.5 14.9
33.1 42.3
11.7 44.7
42.3 15.7
26.3 32.9
34.1 45.8
41.9 43.0
14.8 38.3
7.1 25.4
22.4 32.0
34.7 41.7
34.6 4.3
23.4 8.4
10.8 45.0
49.4 18.6

97
11
5.6 11.7
27.5 58.3
3.2 93.9
73.9 39.0
59.3 3.5
70.1 5.7
95.2 62.9
89.8 21.6
87.1 85.4
78.6 58.3
48.3 51.6

77
3
23.0 3.7
61.1 30.1
12.9 6.3

85
4
7.4 21.4
50.3 47.0
4.8 81.6
33.1 50.2

56
2
32.6 53.3
39.0 46.5

78
18
37.6 24.0
7.7 70.9
52.5 30.3
76.4 27.0
67.9 66.8
59.7 8.4
41.6 13.8
33.9 10.0
49.5 64.8
17.7 58.5
12.4 36.1
40.0 11.7
37.3 46.7
61.8 55.3
65.0 2.9
49.0 35.9
25.4 49.7
77.6 55.6

60
4
30.6 5.0
45.8 54.4
47.4 23.9
33.2 53.9

87
17
68.3 3.0
42.8 66.4
45.3 9.9
56.0 82.0
56.9 3.5
22.0 26.6
35.9 30.5
24.1 70.8
1.1 31.6
30.2 25.3
12.1 72.7
76.0 39.0
46.0 2.8
6.1 63.2
61.3 52.6
8.8 27.4
59.7 30.9

84
15
31.6 24.8
56.9 46.6
72.1 36.9
69.2 25.3
35.3 81.3
6.3 83.1
33.9 64.2
77.5 45.6
63.1 80.9
9.0 35.4
52.5 22.7
70.4 39.4
12.6 28.4
81.4 14.6
60.7 74.0

62
18
31.3 3.4
36.5 52.5
4.1 55.1
2.8 61.3
44.2 33.9
51.7 5.8
22.4 52.3
32.6 17.1
28.8 27.1
16.0 9.7
19.8 8.7
18.6 19.5
22.9 24.2
23.5 58.8
50.8 8.8
1.1 9.9
12.5 22.7
16.3 32.9

58
11
11.9 10.2
34.6 52.4
48.1 50.6
32.7 16.0
17.3 57.8
25.0 50.7
2.3 15.0
17.6 18.3
37.2 23.1
27.8 49.2
3.6 9.8

72
18
27.5 21.0
31.0 23.7
68.3 36.6
68.6 36.1
28.8 4.8
36.2 8.9
57.0 25.2
68.0 22.5
58.8 56.2
7.2 33.6
4.9 30.4
3.8 10.4
48.7 54.8
54.3 66.1
14.3 33.9
12.2 5.9
68.7 51.8
66.1 10.8

83
4
44.1 30.2
61.8 7.9
29.7 28.4
60.7 44.9

81
18
23.1 22.2
22.0 16.3
70.4 26.5
32.5 38.3
25.7 62.1
46.5 54.1
37.0 53.3
53.0 55.8
35.5 18.9
23.8 56.2
53.0 66.6
80.8 24.1
38.4 11.0
2.9 73.6
5.3 23.2
23.8 29.1
31.2 47.5
36.5 10.5

75
13
39.9 68.3
8.1 74.5
58.0 32.1
51.9 18.4
14.0 10.3
15.4 24.5
51.3 38.6
27.5 2.6
5.6 52.2
67.3 42.3
39.5 1.8
5.6 68.1
31.3 17.7

68
16
34.0 12.3
49.0 14.2
50.7 48.2
3.8 27.4
18.6 32.8
52.9 67.1
55.3 57.7
27.5 45.7
64.4 38.8
25.1 9.3
57.1 22.9
15.5 52.7
64.8 52.2
27.3 57.9
21.8 37.7
11.6 41.9

76
3
51.5 6.2
66.2 34.9
70.9 36.8

79
18
71.3 40.9
5.7 47.1
58.8 40.0
72.2 35.3
48.0 18.7
76.0 24.8
13.3 44.1
21.6 50.3
75.1 18.3
23.2 57.4
21.0 52.6
54.8 19.4
67.0 28.3
72.0 68.7
52.5 44.9
49.6 59.7
72.0 60.8
78.7 35.8

69
2
27.3 40.4
63.5 36.3

50
2
49.9 8.8
16.4 44.3

95
15
93.1 78.8
89.7 55.9
74.6 85.8
22.1 68.3
53.0 35.0
71.1 64.3
22.1 84.9
51.4 92.1
83.7 66.0
90.7 78.1
40.3 75.5
35.0 90.5
39.4 55.7
22.6 65.7
18.2 36.5

53
14
52.6 8.3
36.6 7.6
6.3 29.8
10.4 9.8
37.8 47.2
10.3 17.7
37.6 49.2
21.4 4.9
29.9 20.1
11.1 32.1
42.2 22.4
47.1 5.5
10.5 13.2
34.7 11.3

63
15
51.8 36.2
61.1 36.6
16.7 47.8
25.3 41.1
39.8 43.4
30.2 3.6
29.5 53.5
49.1 44.8
4.2 18.9
59.8 55.2
50.6 6.8
58.9 31.7
16.6 38.2
50.0 25.6
54.6 35.0

67
2
60.5 42.5
26.9 54.2

81
16
6.9 31.2
52.9 52.6
24.2 51.1
26.9 47.7
64.4 51.9
56.9 40.3
23.6 74.0
9.8 62.6
13.5 66.7
42.9 21.5
65.8 71.2
31.8 7.9
17.1 52.2
32.8 14.6
76.2 29.7
67.8 20.1

100
16
63.5 71.2
26.5 78.1
23.3 68.3
45.9 6.3
42.2 92.6
92.5 9.8
29.8 85.3
89.2 53.3
21.5 36.2
13.8 96.4
81.4 44.1
91.4 95.8
68.8 4.5
85.3 11.1
67.3 80.7
71.3 58.7

72
11
54.0 2.8
21.6 1.7
36.9 70.3
14.7 42.2
13.0 10.2
47.2 1.5
18.7 24.3
22.4 7.0
30.6 13.4
67.6 27.4
24.4 24.0

84
9
65.6 80.9
61.6 9.7
6.6 6.1
44.1 34.8
35.4 82.3
73.0 66.7
19.4 41.6
63.8 69.1
44.2 78.2

88
20
44.3 73.6
73.0 60.7
87.0 29.3
58.3 44.9
79.8 77.7
17.0 34.5
30.0 81.4
42.1 29.0
47.1 65.7
45.6 51.3
4.9 71.1
73.1 64.1
21.1 56.0
49.9 27.3
40.2 29.6
70.1 52.2
27.3 85.4
44.4 86.6
36.5 29.0
4.1 27.7

56
15
50.6 51.2
46.7 44.9
22.7 28.9
19.0 42.2
16.9 5.7
53.0 50.3
52.0 48.3
27.0 30.1
3.3 12.7
29.8 55.2
35.8 54.3
6.0 26.1
12.6 33.5
13.4 21.0
49.5 18.5

70
18
69.3 51.0
50.8 36.7
48.5 67.9
20.4 33.8
57.6 65.4
49.9 54.1
61.4 59.1
54.2 33.4
53.8 47.1
36.8 30.5
14.5 5.2
7.0 58.3
48.7 50.5
9.0 6.3
38.5 69.5
38.2 10.3
49.5 51.2
29.6 10.3

81
5
54.8 21.3
59.8 52.2
28.4 28.0
37.2 56.7
74.3 52.9

56
12
20.6 34.6
46.7 20.9
12.8 40.2
28.3 52.7
53.1 38.5
4.5 12.3
3.8 3.7
28.1 15.1
27.2 19.5
11.3 17.9
24.6 21.7
40.5 38.8

63
14
25.5 25.8
31.5 54.1
40.3 59.5
9.4 62.3
27.6 9.8
23.1 26.6
2.4 20.3
44.8 31.0
24.3 44.3
16.9 15.1
38.7 52.8
41.1 57.0
36.3 52.3
35.6 42.6

90
11
86.9 29.6
65.5 35.1
48.4 4.8
80.4 70.7
69.9 7.6
33.3 85.1
59.4 77.9
16.4 41.1
24.6 85.4
64.1 53.4
73.6 6.2

87
17
63.3 83.5
38.6 80.6
52.3 28.2
69.1 11.9
53.1 4.4
48.0 44.3
26.5 75.9
4.5 50.3
58.5 65.4
85.2 48.3
55.9 30.0
56.0 55.3
20.6 71.4
30.6 4.0
61.3 22.3
66.5 54.2
25.4 41.4

54
19
39.5 11.6
8.9 39.8
29.3 26.5
38.7 21.3
10.9 37.6
25.6 17.9
25.0 34.3
40.7 36.3
12.4 48.1
1.7 27.2
33.7 18.1
14.8 51.5
22.1 32.2
19.9 37.6
45.6 2.7
18.8 26.3
6.3 20.3
49.1 48.3
18.3 21.8

65
7
22.2 49.3
18.1 58.9
62.7 20.1
38.6 60.7
19.3 40.3
11.2 6.5
15.1 19.8

53
15
38.5 6.2
23.4 31.4
21.6 3.3
33.1 19.8
2.5 33.7
35.4 37.6
14.5 13.1
21.3 29.6
52.9 36.2
51.2 51.4
24.6 16.5
10.5 32.6
34.7 15.6
33.0 47.0
3.2 52.8
