8898 9039
6735 8572
1496 6162
1414 9545
1038 4924
4622 8637
2412 7653
2030 2417
3215 9754
1882 7361
4786 6472
3398 7629
7179 8590
5004 6410
409 4752
8847 9597
5185 9407
7250 9678
787 3609
9892 9985
3874 8244
3675 6624
5173 5252
8746 9396
1404 3894
1413 2921
4289 4834
1015 8495
3976 7398
4843 8675
8807 9398
7156 9248
8954 9419
4564 4654
9746 9986
2672 7774
4972 9794
2146 8801
2010 4190
5367 7860
6894 8497
9216 9625
5876 9267
8245 9380
7586 8036
4806 6219
4489 5136
2683 4923
7060 8398
2063 3300
3519 7913
6290 9589
2823 7323
4145 4181
3689 4606
8940 9180
2195 2466
3286 9267
6275 7114
7940 8177
1369 8630
5868 8955
8139 9753
9332 9813
4508 6541
7769 8934
1046 5758
606 9665
9173 9512
8115 8923
4336 6257
3156 7687
4862 7183
6366 8832
3123 9766
1265 7260
722 2249
8110 8549
417 9973
3244 8506
6765 8295
4109 5322
4615 7208
7147 7299
1231 4409
2932 7228
3425 6285
1267 6114
4387 8420
6687 8249
8228 9696
8820 9807
4475 4968
5204 8794
3987 5411
7302 8226
2034 8091
5895 7228
8884 9338
7294 7615
9851 9859
8956 9764
889 8584
9993 10000
3736 9459
4900 7558
4303 5929
4923 5471
8964 9894
3026 4820
2430 6638
6434 9288
7237 9270
273 4186
8914 9174
9769 9927
4108 9424
7679 9146
5906 6020
1997 2456
4168 8212
9828 9945
1665 9102
4935 6788
1528 8002
5873 7656
8206 8622
1410 6390
8260 9734
5171 9294
7892 9528
2309 4583
7146 7276
4441 5736
8852 9713
4838 6488
2287 5765
1833 8664
6936 8598
4548 7566
8915 9657
7143 7793
2582 5475
3959 8942
5133 8452
2788 6498
1970 6013
8673 9349
8580 9545
503 2858
8275 8849
6089 6298
2751 3954
8386 8433
7109 7215
5772 8337
6437 9636
6854 9141
3973 4198
7735 9367
2062 2625
3076 4304
5421 7484
3018 5163
7916 9794
2752 8913
3769 7932
7020 7488
5501 6606
5653 9982
4662 9304
987 4365
1219 4869
2156 8719
9714 9854
6107 7454
7771 8253
3367 8427
2698 4123
1996 8620
4979 9399
2340 4525
1532 2377
32 3243
7030 8186
4329 5403
2845 5890
5985 8194
8731 8809
4303 8371
366 1703
8594 8767
1906 3875
4398 4690
1238 3049
4667 6661
6893 8903
4678 5145
2509 7681
6556 9791
281021730504 281021731228
443539078896 443539079325
95102358812 95102359278
8735099663 8735100388
199730181923 199730182533
541300736132 541300736796
178186053706 178186054610
528148448603 528148449241
573314777586 573314778357
506548792547 506548793326
807517415198 807517415273
632640567968 632640567976
954552258899 954552258984
263178898362 263178899015
998880052921 998880053617
862420557651 862420557759
414713118836 414713118931
958187463545 958187464319
501284011729 501284011957
343993934438 343993934805
778333978457 778333978684
99846154414 99846155343
292516093659 292516093875
523365619799 523365620175
633459487105 633459487781
69613852102 69613853066
459700953551 459700953643
645868739648 645868739768
51182471493 51182472226
537973038976 537973039476
448205972478 448205972577
286868853218 286868853289
211486838596 211486839396
355578852648 355578853184
920281767214 920281767697
508862180539 508862180788
101559908189 101559908608
586547513986 586547514467
353350679453 353350679984
325351788866 325351789300
348857294851 348857295440
797943936465 797943937141
214454963593 214454964456
505227080247 505227080656
121786888147 121786888574
403716818120 403716818598
988310989190 988310989418
677286093877 677286093945
15187681037 15187681062
628859523377 628859523948
316553895656 316553895791
224486691946 224486692082
514155320917 514155321079
745405636864 745405637678
353566731963 353566732864
792541740556 792541741221
509771358803 509771359495
87996705383 87996705578
164120364208 164120364684
751120056957 751120057359
859243807765 859243808597
282568925050 282568925718
66323246719 66323246855
561363177313 561363177632
371870340374 371870340802
110826137992 110826138593
972060700958 972060701692
172166252565 172166252917
676865091584 676865092150
392054109224 392054110160
742332943459 742332943531
269898657528 269898658192
27883391237 27883392136
118414555765 118414555887
932597217495 932597218181
304473242745 304473243095
87313571704 87313572021
198309310145 198309310861
917765218544 917765218679
408418453910 408418453932
789519445853 789519446851
106269201458 106269201778
992258778958 992258779750
110154771930 110154772443
923513040108 923513040897
673902969450 673902970247
442319184538 442319185291
342079512988 342079513409
153992311005 153992311268
716162654708 716162655055
878430044632 878430045024
212140523704 212140523779
64765509725 64765510479
594708763756 594708764190
513348264230 513348264509
532058411687 532058412214
785045537094 785045537996
12556392277 12556393230
858948570701 858948571599
147452684157 147452684809
825536404778 825536405466
274137801183 274137801364
594961957102 594961957251
669215965164 669215965974
477655769152 477655770068
602229826517 602229826696
566884931044 566884931710
466229695954 466229696587
685803884322 685803884455
732999057659 732999058505
965160002021 965160002544
686638153735 686638154554
739507642605 739507643137
299764770380 299764770581
396594067709 396594068490
964089325549 964089325599
110688587171 110688588004
811842132610 811842132768
446490477456 446490477674
337152031549 337152031564
886112780093 886112781023
851871636276 851871636732
274261613981 274261614045
303830013364 303830014138
455052470794 455052471399
54015217513 54015217659
158698579846 158698580736
833026824740 833026824851
351568775748 351568776245
341563692059 341563692797
592549273220 592549273878
30579917789 30579918449
212808379189 212808379297
775042759796 775042759941
372590349083 372590349452
241722511756 241722512358
989733967874 989733968113
567995190713 567995190794
40097020272 40097021223
169924534053 169924534569
65540566103 65540566445
211421194510 211421195204
277801395546 277801395941
228679919635 228679920194
442811073395 442811074248
69530467168 69530467688
328188049103 328188049288
873567757328 873567758077
967829816016 967829816567
181953340722 181953341226
655492716949 655492717541
823524991045 823524991471
411025339725 411025339825
559340560660 559340560666
691188911761 691188912730
173221325484 173221326242
325440421775 325440421859
492642034324 492642034653
690110630621 690110630643
447092524662 447092524879
476466413889 476466414110
593095464022 593095464704
363354894436 363354894605
271252819721 271252819759
284380507861 284380508251
246740720160 246740720226
515256704493 515256704760
795554695918 795554696345
201329913776 201329913786
604175992954 604175993613
187367957506 187367958169
586274225326 586274225900
630912848110 630912849044
389160720162 389160720653
187904317830 187904318175
789054575784 789054576529
31377773690 31377774243
633936208000 633936208971
904190597874 904190597967
875948600072 875948600944
726137241889 726137242715
610490234611 610490235279
566079371611 566079372557
75552298750 75552299317
513493596626 513493597371
351089198404 351089199145
921762810440 921762811078
369443528240 369443528622
296010284402 296010284545
370771503907 370771504032
436941370117 436941370870
726142413207 726142413485
624767672376 624767672467
411302847401 411302847741
854457713122 854457713729
900747842183 900747843128
658907242526 658907243070
959182045173 959182045571
835471894838 835471895145
614815384916 614815385899
5078005122 5078005336
653737383944 653737384503
255833135247 255833136020
710227611603 710227611965
638697463369 638697463561
632276834807 632276835780
435439765136 435439766062
79368728847 79368729543
369047893454 369047893746
965802426440 965802427271
895896919807 895896920246
145872953167 145872953289
676379658977 676379659064
294407167822 294407168278
895432312223 895432312404
373347791535 373347792036
290147534393 290147534870
93822805898 93822806541
206035202854 206035202893
631362617400 631362617864
914029853916 914029854726
254768447052 254768447227
366523696844 366523697738
618600670965 618600671134
658046537563 658046537979
990454654779 990454655408
317500250791 317500251790
186026821406 186026822105
752352293679 752352294605
200014411016 200014411902
670702765477 670702765856
673866333209 673866334004
627806745697 627806746311
953369800107 953369800713
974212707662 974212707767
344205647118 344205647674
531113294121 531113294543
27856960458 27856961123
879074408972 879074409228
213099579894 213099580050
896859928026 896859928371
541162697468 541162697490
663316267439 663316267954
117061820019 117061820968
86287506393 86287506396
178635258024 178635258527
888932123461 888932123944
711181300105 711181300641
848422729688 848422730083
670775847558 670775847865
595786525539 595786525636
265789818695 265789819618
37217029595 37217030556
860232491909 860232492044
187517247506 187517247646
597997439351 597997440010
225517056284 225517056327
39015719416 39015719638
660486243744 660486243863
199410601907 199410602892
128916334737 128916334839
218617720472 218617721448
177374714456 177374714856
839421824619 839421825221
537625682107 537625682291
554568467900 554568468706
105040950480 105040951431
356336410683 356336410692
168918937493 168918938217
504453482791 504453483235
1025357445 1025357457
167253964964 167253965727
67941789991 67941790271
906408630897 906408631160
535930299151 535930299300
862642911406 862642911686
750108505269 750108506179
746879863427 746879863610
846376072834 846376072904
379574476005 379574476925
871671325312 871671325655
703241635273 703241636098
519159264529 519159265497
486245206535 486245206757
110943830613 110943831483
718151388426 718151388714
252768924633 252768925293
263657248057 263657248425
307046507036 307046507342
339038340280 339038340439
839500414800 839500415204
787071692829 787071693485
23753326171 23753326939
227709177885 227709178329
676695137143 676695137559
746236944247 746236944469
949042804233 949042804879
696010262553 696010263528
82377753884 82377754858
270783989829 270783990273
48567573862 48567573990
741248873469 741248874430
326457394714 326457395517
921938833232 921938833544
569833481160 569833481284
115995497963 115995498252
868380201665 868380202507
320144326559 320144327444
142012889999 142012890591
279345231930 279345232080
621139096503 621139096904
954772545278 954772545298
7203109822 7203110522
710685062576 710685062750
730942306864 730942307143
683787625432 683787625887
992192457174 992192457542
663292893603 663292894201
53566442282 53566442439
430760972240 430760972381
654738259525 654738260084
682552521541 682552522256
617079059324 617079060034
378734349241 378734349745
78781284393 78781284588
161909865046 161909865235
128854086827 128854086831
826388279070 826388279108
438819379156 438819379299
556772961322 556772961482
567460076605 567460077086
642469812987 642469813816
157385575976 157385576581
906647346289 906647346430
4461057531 4461057948
928068636440 928068636687
445900147478 445900147698
723521692213 723521692399
312833341258 312833342232
445093235764 445093236634
241863161272 241863161300
447683632957 447683633204
488289883726 488289883770
15135036543 15135037305
971814883351 971814883864
394444086453 394444087214
734131226813 734131226929
332822637443 332822638205
662344288434 662344289160
826337848678 826337848909
977873503640 977873504035
582269063971 582269064078
178450558300 178450558958
595718585902 595718586577
578392666511 578392666685
950116745487 950116746108
893698046052 893698046568
552911630635 552911631335
542097685250 542097685438
898688065939 898688066765
956204400819 956204401166
771275138037 771275138767
537993983648 537993984178
807859421320 807859422307
509023108924 509023109577
820474806182 820474807047
18825240728 18825241177
582010192061 582010192553
399395343389 399395343447
324926150368 324926150808
538609597398 538609597638
180161810509 180161811103
165866960714 165866961322
257005044824 257005045704
364779279021 364779279389
391530161150 391530161896
583759595693 583759595719
647574238298 647574238970
328144264392 328144265009
997143310013 997143310107
941769848803 941769849633
119388385735 119388385812
582818825645 582818826298
584638442129 584638443102
317098823697 317098824228
613454844100 613454844210
291041607978 291041608331
818197988354 818197988903
431629666766 431629667597
233069912681 233069913288
547349517759 547349518436
783805429567 783805430343
101570373163 101570374032
520225406727 520225407433
53612642113 53612642624
716420679071 716420679273
34504076531 34504076677
350374275635 350374275836
361970390159 361970391115
747831177972 747831178190
641806153223 641806153625
725075494846 725075495046
567952072890 567952073656
584133300867 584133301303
766327942879 766327943528
798649664039 798649664773
439786662064 439786662519
322213818800 322213818801
580569258509 580569258515
612606006522 612606006691
528382923650 528382924525
695242451486 695242451523
468252416087 468252416287
525565244628 525565245624
134888987017 134888987314
721849581894 721849582362
532663489687 532663490287
226783693647 226783694362
124667241695 124667241728
777893373006 777893373648
280841012817 280841012876
950193420349 950193421296
962089590507 962089590648
390241058262 390241059157
404224301220 404224301943
444976141579 444976141800
406543181926 406543182633
650681776886 650681777423
474888162043 474888162891
741856775855 741856776176
84360211941 84360212481
329227317661 329227317771
44877936012 44877936391
482715558499 482715559146
480267459869 480267460795
640403046440 640403046582
905973244326 905973245090
827452337925 827452338199
624611562414 624611563150
615439591221 615439592095
689932020905 689932021692
147815857155 147815858009
26365004960 26365005060
358043342427 358043342819
365279566680 365279567662
355506495006 355506495481
579106190275 579106190952
307799927490 307799928028
483287255563 483287256088
73220731915 73220732876
807993124539 807993124680
437105458171 437105458313
370353983375 370353983635
883334380988 883334381051
567071085993 567071086086
652884052827 652884053358
40049331231 40049332003
821023705731 821023706547
577695693279 577695693499
982464616657 982464617362
561653244069 561653244717
609004275530 609004276058
767937574535 767937574785
59913876167 59913876972
27680308337 27680309004
380392081931 380392082829
785496318021 785496318827
149649483998 149649484054
321683418188 321683418403
707227084272 707227085076
795389984630 795389985337
491646893879 491646893998
245702300318 245702301214
213337318578 213337318662
917773117275 917773117713
511294970258 511294970899
281309435527 281309436130
858739744145 858739745027
679446805615 679446805745
479038270043 479038270753
281911478469 281911479011
59949895454 59949895633
821463169104 821463170044
518584401541 518584402081
971274259272 971274260147
109795603187 109795603205
776230063297 776230063639
39018663618 39018664107
980144192039 980144192653
372814737914 372814738328
369736792231 369736792500
979421478587 979421479355
346377470653 346377471202
593374309362 593374310162
677783414309 677783414841
244130576203 244130577037
397950129958 397950130411
80969118325 80969118600
500807768252 500807768435
754740796386 754740796834
819455184093 819455184453
985818915989 985818916127
180644883003 180644883109
375807447108 375807447160
799127994237 799127994574
570962742548 570962742649
207943991648 207943992099
892231715381 892231716216
456814884255 456814885242
632922954907 632922955624
87376137747 87376138612
267022476422 267022476964
22082679766 22082680136
29381632252 29381632290
475753578231 475753578235
326406978109 326406978120
933944707633 933944708127
755320905447 755320905524
658610152874 658610153146
334729227589 334729227659
815003720025 815003721015
596320164143 596320164920
462152953346 462152953487
92604487896 92604487967
101055567108 101055567163
122317195575 122317196017
813923453210 813923453619
735627136603 735627137531
455843675000 455843675299
186530664857 186530665449
310786210700 310786210892
105400846058 105400846173
901661725594 901661725990
693014664285 693014665280
157809147459 157809147498
595278797512 595278797902
933171710729 933171711383
632584341388 632584341989
520486510636 520486511315
135034209921 135034210662
615580256003 615580256295
666693880332 666693880541
203152354 203152752
425207585485 425207585500
159635302645 159635303095
234029647246 234029648154
338142089421 338142089648
363791714046 363791714665
119344987736 119344987942
932138503870 932138504744
542959410550 542959411131
955330326499 955330327479
529698861634 529698862094
6383257803 6383258600
815915385389 815915386344
326723280978 326723281867
500313128895 500313129191
191371261181 191371262102
2008973178 2008973907
663185408739 663185408914
565143502012 565143502514
815703216346 815703217153
386987525141 386987525144
666088647125 666088647410
178294824176 178294824510
872930424729 872930425571
9930011786 9930012604
655240567570 655240568175
267081550198 267081550721
119220089086 119220089387
904014753249 904014753658
64506358295 64506358435
665781596594 665781597347
877631457199 877631457576
733237804489 733237805116
582765563412 582765564118
526190512741 526190513528
419616560546 419616561455
578407110849 578407111296
702708410289 702708410853
491953132055 491953132413
357020832176 357020833095
345539042411 345539043057
815547241831 815547242526
572172496468 572172497228
792073498996 792073499739
479559898658 479559899556
190706445526 190706445928
507745159373 507745159506
197264072086 197264072225
899170881899 899170881933
714217965419 714217966149
213944566751 213944566884
26117453166 26117453979
12603570406 12603571188
29720308590 29720309309
542460639933 542460640641
770287475219 770287475446
393024386567 393024386858
301391148120 301391148663
682885548230 682885549091
56262899489 56262899707
715392198613 715392199543
721566863902 721566864847
693416185083 693416186007
214309195974 214309196514
251905919715 251905919987
318277370606 318277370801
815425599716 815425600152
929328373432 929328373867
451298614770 451298615524
576232473907 576232474611
36358268399 36358269152
690225985814 690225986654
333426100071 333426100821
578805374070 578805374459
161976548387 161976548490
258381492719 258381493469
2615443658 2615444056
521907909938 521907910572
255342947058 255342947384
409403300737 409403301526
467825181327 467825181728
638311689174 638311689441
148114695954 148114696938
978570847242 978570847635
898959210828 898959211357
669844810574 669844811130
42862030196 42862030545
126008701728 126008702701
924396133247 924396133890
440872105380 440872106286
513846485131 513846485677
203792326562 203792326840
176105923377 176105923878
184351891554 184351892467
578742712371 578742713169
947640760193 947640760342
439995981660 439995982420
363936037750 363936038320
195363230853 195363231367
601988916346 601988916457
392760228200 392760228594
611119408806 611119408879
839877159857 839877160381
27331891234 27331891876
786177220643 786177220720
354879773070 354879773555
557131017326 557131017459
245805166978 245805167091
908838488067 908838488552
274943168722 274943169229
694053667053 694053667217
295624895652 295624896440
688219318146 688219319136
867788951787 867788952289
357622792863 357622793044
282028485535 282028486320
709178772033 709178773008
557265948626 557265948981
851739591786 851739592252
735192333976 735192334926
40773365583 40773365982
539281813475 539281813959
606240873679 606240874276
706042115973 706042116248
373361579138 373361579694
35901618010 35901618498
30486044575 30486044599
797304057046 797304057717
907596109059 907596109841
320947101501 320947102404
39411199931 39411199945
660513514959 660513515075
884425856149 884425856242
739157221453 739157221540
962246725322 962246725474
773979295518 773979296231
262933945126 262933945589
882278959733 882278960656
933756121367 933756121994
128277966869 128277967806
117321472836 117321473305
131019354816 131019355012
400236040212 400236040621
348786902647 348786902699
257374592725 257374593258
399790790127 399790791009
337236368647 337236368976
117153750686 117153751478
784581371401 784581372310
556141309063 556141309123
124982512381 124982512862
104624538583 104624538675
501335022391 501335022955
796684938846 796684939290
221560611129 221560611353
875545805029 875545805968
325980774743 325980774862
709121073572 709121073966
644090872604 644090873231
561662785389 561662786285
138329830023 138329830211
483835206562 483835206637
992333945011 992333945584
280323553540 280323553811
842368206682 842368207448
353299589123 353299589681
255471960430 255471961272
994439280943 994439281927
138422233132 138422233854
365197903381 365197904379
962266761728 962266762144
440655245868 440655246700
924753517472 924753517491
907652739644 907652739941
652174834 652175083
29138383392 29138383527
943517282014 943517282617
872383437803 872383438247
942227071892 942227072284
241512691434 241512691491
410655632525 410655633459
758989989447 758989989510
211959827662 211959828257
724325972569 724325973147
902898580717 902898581380
317393426797 317393427276
727759563702 727759564461
413519803215 413519803576
942667446074 942667446446
622180661145 622180661421
934195753188 934195753913
772754188785 772754189168
648141045625 648141046053
956944546881 956944547038
505928671806 505928672107
305630596072 305630596743
226369478335 226369479269
804346588446 804346588692
586121578146 586121578179
916332354507 916332355171
23372525746 23372526446
729925271876 729925272255
573605340039 573605340579
239894282536 239894283454
923759642279 923759642350
591562391670 591562392525
259872084725 259872085151
427449896526 427449897200
68685773343 68685773556
730140398843 730140399436
374798286855 374798287275
948099782816 948099783056
665248365290 665248365981
955692344159 955692345022
759408751494 759408751975
759207004797 759207004885
315239306064 315239306673
782630822921 782630823353
668087428581 668087429521
930625018725 930625019144
872929705869 872929706158
243211881673 243211882649
602704488112 602704488329
194136924438 194136925003
472179070148 472179071068
777628637940 777628637967
621325918948 621325919945
806149338590 806149338591
840459416361 840459417153
17883187792 17883188322
289442618222 289442619220
444658949911 444658950174
417871589450 417871589709
963509406525 963509406890
696762117465 696762117602
292372206533 292372206865
72944828238 72944829206
329096130414 329096131292
987701913644 987701914527
163734517177 163734518006
812092804213 812092804853
502072691870 502072692499
993460298195 993460298272
893466382965 893466383570
578624041226 578624042187
741155548534 741155548778
721558928437 721558928532
3449542239 3449542308
217519971950 217519972716
865887378361 865887378863
595039362573 595039363364
43847194386 43847195085
967424560123 967424560752
702335284323 702335284852
643070172552 643070172810
945747371498 945747372114
457128864946 457128865329
194531008610 194531009264
